Run_ID,Run_Start_Episode,Resume_Checkpoint,Episode,Ind_Q1_Loss,Ind_Q2_Loss,Ind_Policy_Loss,Pop_Q1_Loss,Pop_Q2_Loss,Pop_Policy_Loss,Ind_Q_Target_Mean,Pop_Q_Target_Mean,Ind_Q_Target_Std,Pop_Q_Target_Std,Ind_Q1_Prediction_Mean,Pop_Q1_Prediction_Mean,Ind_Q2_Prediction_Mean,Pop_Q2_Prediction_Mean,Ind_Q1_TD_Abs_Mean,Pop_Q1_TD_Abs_Mean,Ind_Q2_TD_Abs_Mean,Pop_Q2_TD_Abs_Mean,Ind_Q1_TD_Abs_Max,Pop_Q1_TD_Abs_Max,Ind_Q2_TD_Abs_Max,Pop_Q2_TD_Abs_Max,Ind_Alpha,Pop_Alpha,Ind_Target_Entropy,Pop_Target_Entropy
20260518_151828_665385,40,2026_05_13_DesignCycle0_ep40,41,0.7086987549608404,0.7155314250425859,-0.5620834746144034,0.726461835205555,0.7301313951611519,-0.5053418539464474,0.44158822568980133,0.3798197414726019,0.7680215076966719,0.7632819786667824,0.10582051404212094,0.043706853124604095,0.09720285077161282,0.03791369230748387,0.7362136786634271,0.7322126999497414,0.7400931174104864,0.7333026304841042,1.376571861180392,1.4571497440338135,1.3854553591121326,1.464748740196228,0.09940245950763876,0.0995510620996356,-6.833333333333332,-6.833333333333333
20260518_151828_665385,40,2026_05_13_DesignCycle0_ep40,42,0.542294963317759,0.5328501287628623,-0.9367851404582753,0.5962586998939514,0.6000329852104187,-0.9127061516046524,0.3258698731660843,0.4410109966993332,0.7788325197556439,0.7691491395235062,0.44731330170350914,0.4870076086372137,0.44378724518944235,0.44811294972896576,0.6462943133185891,0.6747892796993256,0.6408930385813993,0.6836819872260094,1.1787284893148087,1.2864163219928741,1.1714329719543457,1.2550946772098541,0.0980227769297712,0.09875771217048168,-6.666666666666667,-6.666666666666667
20260518_151828_665385,40,2026_05_13_DesignCycle0_ep40,43,0.4406171603636308,0.4396514594554901,-0.8623109107667749,0.4236040599644184,0.4193146489560604,-0.9053443968296051,0.27532298829067836,0.340643797069788,0.727117272940549,0.6730295270681381,0.34035130590200424,0.45176225900650024,0.3443625853820281,0.46928310580551624,0.5803093002601103,0.5516475029289722,0.5782472613182935,0.5494166016578674,1.2293336174704812,1.1570905670523643,1.2332741238854148,1.178338661789894,0.09620247611945326,0.09797321911901236,-6.5,-6.5
20260518_151828_665385,40,2026_05_13_DesignCycle0_ep40,44,0.38202574849128723,0.3746582764387131,-0.7246250176429748,0.3963783569633961,0.3915749303996563,-0.6788674369454384,0.3151894302666187,0.40886315144598484,0.6502856492996216,0.6477118507027626,0.3002321594953537,0.24377429112792015,0.2957578670978546,0.23945135436952114,0.5099278497695923,0.5169203616678715,0.5054474532604217,0.5142542012035847,1.296692476272583,1.20629071444273,1.277200493812561,1.2019028812646866,0.09410329401493073,0.09720173291862011,-6.333333333333334,-6.333333333333333
20260518_151828_665385,40,2026_05_13_DesignCycle0_ep40,45,0.36240382850170133,0.3494092386960983,-0.7547533559799194,0.40482479333877563,0.4066774882376194,-0.9081811532378197,0.2681067883968353,0.28258952125906944,0.6634400033950806,0.657542422413826,0.2628627736866474,0.4524797610938549,0.257058789934963,0.4573589749634266,0.492090322971344,0.5478108190000057,0.48130025148391725,0.547483254224062,1.2961460065841675,1.1878752559423447,1.2900455284118653,1.2037241160869598,0.09188870906829834,0.09644868038594723,-6.166666666666666,-6.166666666666667
20260518_151828_665385,40,2026_05_13_DesignCycle0_ep40,46,0.2583578073978424,0.25929177343845367,-0.8259746837615967,0.34284271858632565,0.3391581419855356,-0.7204391211271286,0.3648574924468994,0.365625087171793,0.6146625781059265,0.6202419251203537,0.3296481519937515,0.3079866375774145,0.31992229610681533,0.2944308966398239,0.40434297919273376,0.48344283178448677,0.40510019063949587,0.480332188308239,1.203281650543213,1.146640531718731,1.1919434905052184,1.1588942557573318,0.08980313658714295,0.09572848211973906,-6.0,-6.0
20260518_151828_665385,40,2026_05_13_DesignCycle0_ep40,47,0.24423334121704102,0.24261055290699005,-0.8555810809135437,0.2863450422883034,0.2808351796120405,-0.7674594819545746,0.409198277592659,0.30495964735746384,0.5777059519290924,0.5679102800786495,0.36686876595020296,0.36108727753162384,0.37322724878787994,0.36182571202516556,0.38787821292877195,0.4387243986129761,0.38615525484085084,0.4353664256632328,1.1498228740692138,1.158636674284935,1.1530419063568116,1.1611741781234741,0.08776408612728119,0.09501151088625193,-5.833333333333334,-5.833333333333333
20260518_151828_665385,40,2026_05_13_DesignCycle0_ep40,48,0.21719393730163575,0.2166916847229004,-0.9086471676826477,0.2670909911394119,0.2590742092579603,-0.7312289699912071,0.4846040153503418,0.33373299054801464,0.5568431329727173,0.5734250843524933,0.44812667012214663,0.3423721417784691,0.45057103395462034,0.33788755908608437,0.36555073857307435,0.42229384183883667,0.364157201051712,0.4163440056145191,1.1073238801956178,1.0694306939840317,1.1069903039932252,1.0867428928613663,0.08575338214635848,0.0943123186007142,-5.666666666666666,-5.666666666666667
20260518_151828_665385,40,2026_05_13_DesignCycle0_ep40,49,0.1985608822107315,0.1967112797498703,-1.039963116645813,0.26549724116921425,0.2465676460415125,-0.8187215551733971,0.5491237449645996,0.32235523127019405,0.5434993350505829,0.6070719733834267,0.5310640513896943,0.39204271882772446,0.5344277381896972,0.36768802627921104,0.3499162995815277,0.421767421066761,0.34911307096481325,0.4034925363957882,1.057440869808197,1.0907087326049805,1.0452740144729615,1.0624417439103127,0.0837939041852951,0.09362803492695093,-5.5,-5.5
20260518_151828_665385,40,2026_05_13_DesignCycle0_ep40,50,0.18282031148672104,0.18304530054330825,-1.0659150052070618,0.23694318905472755,0.2279366683214903,-0.701809361577034,0.5893483674526214,0.26606830954551697,0.5202132868766784,0.544002328068018,0.5802260255813598,0.2894520275294781,0.5815440678596496,0.26408506743609905,0.3354282891750336,0.3943731337785721,0.3349193716049194,0.37830573320388794,1.009060034751892,1.1696041077375412,1.0146853113174439,1.2394171953201294,0.08190638035535812,0.09296391438692808,-5.333333333333334,-5.333333333333334
20260518_151828_665385,40,2026_05_13_DesignCycle0_ep40,51,0.17212079465389252,0.17128392279148102,-1.117952892780304,0.24124125950038433,0.23069571144878864,-0.7131757885217667,0.6851734781265258,0.3188376948237419,0.5032592165470123,0.5382935702800751,0.6592555284500122,0.27723119407892227,0.6576083660125732,0.27400374598801136,0.31484604060649873,0.3893914297223091,0.3140654855966568,0.3757888227701187,1.0693438482284545,1.1743945926427841,1.0613871216773987,1.168924205005169,0.08009122967720032,0.09232206922024488,-5.166666666666666,-5.166666666666667
20260518_151828_665385,40,2026_05_13_DesignCycle0_ep40,52,0.15178487956523895,0.1500777506828308,-1.1766063785552978,0.20580689143389463,0.20215698145329952,-0.834185428917408,0.733048586845398,0.3523775599896908,0.4963291382789612,0.5469755046069622,0.7295492243766785,0.3685072734951973,0.7304469442367554,0.3714496698230505,0.2962390410900116,0.3581986166536808,0.294553102850914,0.35870805755257607,1.027972457408905,1.0207335203886032,1.0137411093711852,0.9947277903556824,0.07833641022443771,0.09168148040771484,-5.0,-5.0
20260518_151828_665385,40,2026_05_13_DesignCycle0_ep40,53,0.13397483855485917,0.13409994035959244,-1.2318749618530274,0.20886517129838467,0.20730355568230152,-0.7833094373345375,0.8101870369911194,0.4280557371675968,0.46394516944885256,0.5189787112176418,0.8043840098381042,0.3712759055197239,0.8047323989868164,0.3680470623075962,0.27930516123771665,0.3530222736299038,0.27940704822540285,0.35066307708621025,0.9099844622612,1.1474214494228363,0.9037096285820008,1.144642487168312,0.07666800320148467,0.09105054847896099,-4.833333333333333,-4.833333333333333
20260518_151828_665385,40,2026_05_13_DesignCycle0_ep40,54,0.13073951810598372,0.1317405205965042,-1.2825528049468995,0.21451140008866787,0.21053905226290226,-0.8618907704949379,0.8714859437942505,0.3597720991820097,0.4761450254917145,0.5207614861428738,0.8646511340141296,0.4007546156644821,0.8613401126861572,0.39795340970158577,0.27419163346290587,0.359346941113472,0.27506256580352784,0.3540125973522663,0.9417838644981384,1.08688123524189,0.92611083984375,1.1070668995380402,0.07505430847406387,0.09042077232152224,-4.666666666666666,-4.666666666666666
20260518_151828_665385,40,2026_05_13_DesignCycle0_ep40,55,0.1405916056036949,0.1415998536348343,-1.3373708724975586,0.18178189173340797,0.18135316669940948,-0.7575291395187378,0.9520876598358154,0.4559251554310322,0.468848192691803,0.4784316159784794,0.9301634788513183,0.3290630839765072,0.9291972708702088,0.3311294410377741,0.2869844400882721,0.32202956080436707,0.2868969964981079,0.32277293130755424,0.9942194533348083,1.0880406647920609,0.983026340007782,1.092252939939499,0.07347900688648223,0.08981004171073437,-4.5,-4.5
20260518_151828_665385,40,2026_05_13_DesignCycle0_ep40,56,0.13056143298745154,0.1292516326904297,-1.3708790826797486,0.18716943264007568,0.1862784717231989,-0.9423161000013351,1.0010186290740968,0.3988642804324627,0.44359284818172456,0.48805295675992966,1.0035144805908203,0.49186189472675323,1.0023388147354126,0.49308478832244873,0.2662778466939926,0.33567083068192005,0.2643555843830109,0.33384373411536217,0.9942224931716919,1.044523499906063,0.9929531288146972,1.0499682649970055,0.07193629920482636,0.08920680545270443,-4.333333333333334,-4.333333333333334
20260518_151828_665385,40,2026_05_13_DesignCycle0_ep40,57,0.11578340590000152,0.11246248185634614,-1.4660522031784058,0.17859169840812683,0.17699388973414898,-0.6859667524695396,1.095586371421814,0.472453523427248,0.40896393060684205,0.42610108479857445,1.0917551517486572,0.31370165944099426,1.093733937740326,0.3195103071630001,0.25229521214962003,0.32800623029470444,0.24947485089302063,0.3281359374523163,0.9690220928192139,1.0918007120490074,0.9583393669128418,1.1015311852097511,0.07043567717075348,0.08862272370606661,-4.166666666666667,-4.166666666666667
20260518_151828_665385,40,2026_05_13_DesignCycle0_ep40,58,0.1394453951716423,0.14173436149954796,-1.4947773170471192,0.17954495921730995,0.1782129444181919,-0.8804136961698532,1.1496035289764404,0.4640504978597164,0.4493299400806427,0.4572881832718849,1.1410441565513612,0.5374951995909214,1.1371909856796265,0.5264673829078674,0.28131200432777403,0.3183888643980026,0.28711176693439483,0.3178202100098133,0.9375689172744751,1.1099809110164642,0.9217536735534668,1.1183831840753555,0.06896064728498459,0.08802255894988775,-4.0,-4.0
20260518_151828_665385,40,2026_05_13_DesignCycle0_ep40,59,0.12112189143896103,0.12036329686641693,-1.499124903678894,0.15538692753762007,0.15288802795112133,-0.7689695879817009,1.190648169517517,0.5266641080379486,0.40978130578994754,0.44140055775642395,1.1812263441085815,0.40290262550115585,1.1811604952812196,0.4117469899356365,0.2525495308637619,0.30493839271366596,0.2504426473379135,0.30048893205821514,0.9463098311424255,1.0003927573561668,0.9412909364700317,1.008972354233265,0.06748201936483383,0.08743643760681152,-3.833333333333333,-3.8333333333333335
20260518_151828_665385,40,2026_05_13_DesignCycle0_ep40,60,0.10106871426105499,0.09913725480437278,-1.5673270273208617,0.17335846088826656,0.17640810180455446,-0.9958922863006592,1.253106918334961,0.5195149257779121,0.4024248290061951,0.46669311821460724,1.2405176162719727,0.6026476621627808,1.243801112174988,0.6017233282327652,0.23617636919021606,0.3157195057719946,0.2329404515028,0.31777483969926834,0.8784853649139405,1.051993079483509,0.8863551211357117,1.0893968343734741,0.06608435153961181,0.08686421066522598,-3.666666666666667,-3.666666666666667
20260518_151828_665385,40,2026_05_13_DesignCycle0_ep40,61,0.10586599752306938,0.10579326212406158,-1.6479346418380738,0.124927232041955,0.12543969228863716,-0.8168702721595764,1.322738265991211,0.5151269100606441,0.4169824838638306,0.4224768579006195,1.3254777669906617,0.4397314488887787,1.322099862098694,0.44843820855021477,0.24142340958118438,0.2654492724686861,0.23905992448329927,0.2700373064726591,0.9438715004920959,0.9509362876415253,0.9560794830322266,0.9306574836373329,0.0647699362039566,0.08630611188709736,-3.5,-3.5
20260518_151828_665385,40,2026_05_13_DesignCycle0_ep40,62,0.10431050568819046,0.10179435387253762,-1.6681228160858155,0.1333291856572032,0.13091513980180025,-0.9212123155593872,1.3716590261459352,0.5602989383041859,0.40100780248641965,0.4251484088599682,1.3538260412216188,0.5826586484909058,1.3584127521514893,0.5739343091845512,0.24377342700958252,0.26303007639944553,0.23950270414352418,0.2597659043967724,0.8921102929115295,0.9720439836382866,0.8706934070587158,0.9729616492986679,0.06355092763900756,0.08575363364070654,-3.333333333333333,-3.3333333333333335
20260518_151828_665385,40,2026_05_13_DesignCycle0_ep40,63,0.10981399595737457,0.10598062589764595,-1.685401611328125,0.1451590694487095,0.14906795416027308,-0.789630264043808,1.384037094116211,0.5161893106997013,0.4030038928985596,0.39767085015773773,1.3878275489807128,0.45451436936855316,1.388485436439514,0.45821163430809975,0.24728577256202697,0.2806358318775892,0.24202112913131713,0.2843909077346325,0.922260639667511,1.1053388118743896,0.9091959047317505,1.1198472678661346,0.062383280992507936,0.0852164514362812,-3.166666666666667,-3.1666666666666665
20260518_151828_665385,40,2026_05_13_DesignCycle0_ep40,64,0.11318621546030044,0.11213792353868485,-1.7318619585037232,0.11155653232708573,0.11464887158945203,-0.9385506734251976,1.462564516067505,0.5668589174747467,0.4103515756130218,0.37966153398156166,1.4612685298919679,0.5639941580593586,1.4611156129837035,0.5566980130970478,0.23765274465084077,0.2512092422693968,0.23523990273475648,0.2575478497892618,0.9917397999763489,0.8534201234579086,0.9950243544578552,0.8654936999082565,0.06120938256382942,0.08470591343939304,-3.0,-3.0
20260518_151828_665385,40,2026_05_13_DesignCycle0_ep40,65,0.10004465937614442,0.10578220322728157,-1.7565990591049194,0.11967106908559799,0.12384269665926695,-0.9463343918323517,1.4896755075454713,0.5734427534043789,0.3843188369274139,0.42364759370684624,1.4801535177230836,0.5814201757311821,1.4756243133544922,0.5790044255554676,0.22285499155521393,0.25396824069321156,0.22999616205692291,0.26004127599298954,1.0009310722351075,0.9430676102638245,1.0088620567321778,0.9478583931922913,0.060070919394493105,0.0841920068487525,-2.833333333333333,-2.833333333333333
20260518_151828_665385,40,2026_05_13_DesignCycle0_ep40,66,0.08830803498625756,0.08837555721402168,-1.8339411544799804,0.10535148438066244,0.10900316573679447,-0.9189516454935074,1.536515235900879,0.6171437799930573,0.39937978982925415,0.3617948554456234,1.5367498922348022,0.6098889112472534,1.538740029335022,0.6052535846829414,0.2109908926486969,0.2457334864884615,0.21204618692398072,0.252504562959075,0.8307365703582764,0.8617960140109062,0.8224333572387695,0.8734351992607117,0.058999622017145155,0.0836839098483324,-2.666666666666666,-2.666666666666666
20260518_151828_665385,40,2026_05_13_DesignCycle0_ep40,67,0.09334728002548218,0.09201345443725586,-1.8749689149856568,0.12211011163890362,0.12320452649146318,-0.9994492307305336,1.6051888322830201,0.6630321890115738,0.36815055906772615,0.3688465803861618,1.606465744972229,0.6387659683823586,1.6051803302764893,0.6433049067854881,0.21900166869163512,0.2562600877135992,0.21902504920959473,0.2571095433086157,0.8840280365943909,1.0107300281524658,0.8760653233528137,0.999800018966198,0.05799715831875801,0.08318302500993013,-2.5,-2.5
20260518_151828_665385,40,2026_05_13_DesignCycle0_ep40,68,0.11132576510310173,0.10933696955442429,-1.8781614875793458,0.10607146471738815,0.10637965332716703,-0.9286577478051186,1.6425262022018432,0.5912705585360527,0.37602478861808775,0.3891649767756462,1.6328842782974242,0.580824226140976,1.6340607547760009,0.5782168135046959,0.2245782023668289,0.242660254240036,0.22396822929382323,0.2421247959136963,1.0506509494781495,0.8943457752466202,1.0328736805915832,0.9156648591160774,0.05702333718538284,0.08270000852644444,-2.333333333333333,-2.333333333333333
20260518_151828_665385,40,2026_05_13_DesignCycle0_ep40,69,0.08266289100050926,0.08412638261914253,-1.9071905946731567,0.09211472049355507,0.09134639101102948,-0.9451889768242836,1.671274676322937,0.6170329600572586,0.35508018374443057,0.35261787474155426,1.6657712841033936,0.6055458337068558,1.6655297756195069,0.60924232006073,0.20383545100688935,0.2137175276875496,0.20685647785663605,0.21517875418066978,0.8557272577285766,0.9292968958616257,0.8531653213500977,0.9062015116214752,0.05605657458305359,0.08224159199744463,-2.166666666666667,-2.166666666666667
20260518_151828_665385,40,2026_05_13_DesignCycle0_ep40,70,0.107787364423275,0.10774521246552467,-1.9258934450149536,0.09158537164330482,0.09202542807906866,-1.0061444342136383,1.7196189260482788,0.6442530527710915,0.3850356364250183,0.3638051711022854,1.7031983280181884,0.6415626406669617,1.7015476322174072,0.6386027485132217,0.22783055305480956,0.2219343464821577,0.22648341357707977,0.22494993172585964,0.9337566423416138,0.877811849117279,0.9458636856079101,0.8682650327682495,0.055151205062866214,0.08179820701479912,-2.0,-2.0
20260518_151828_665385,40,2026_05_13_DesignCycle0_ep40,71,0.08248592838644982,0.0828669747710228,-1.9818255710601806,0.09851749520748854,0.1003305809572339,-1.0149715915322304,1.7322135877609253,0.7021734640002251,0.3495648103952408,0.38075757771730423,1.744300503730774,0.671316608786583,1.7443859577178955,0.6750165894627571,0.20337874412536622,0.23624474927783012,0.20213763535022736,0.235294533893466,0.9085119318962097,0.8759960234165192,0.9000993871688843,0.9181201383471489,0.05425632819533348,0.08136287983506918,-2.0,-2.0
20260518_151828_665385,40,2026_05_13_DesignCycle0_ep40,72,0.08707169622182846,0.08585301026701928,-2.0199919366836547,0.08534907689318061,0.08583911880850792,-1.0285347402095795,1.7815286016464233,0.689556360244751,0.3830038905143738,0.3356422185897827,1.7811318683624267,0.7137092724442482,1.7822950839996339,0.7083553373813629,0.20760009109973906,0.19789522420614958,0.20517024219036104,0.19960488006472588,0.930398371219635,0.8976308032870293,0.9154028582572937,0.9235630556941032,0.05335903599858284,0.08092594984918833,-2.0,-2.0
20260518_151828_665385,40,2026_05_13_DesignCycle0_ep40,73,0.07977800406515598,0.08010962836444378,-2.021917533874512,0.07780705858021975,0.07716830261051655,-0.9948478564620018,1.8096099519729614,0.6936817243695259,0.3517906719446182,0.33181091770529747,1.8000271606445313,0.6724005714058876,1.799778289794922,0.6805703043937683,0.19723987102508544,0.21429308131337166,0.19659045159816743,0.21133792214095592,0.8714097714424134,0.694552481174469,0.8855309605598449,0.6901721209287643,0.05248553737998009,0.08048366103321314,-2.0,-2.0
20260518_151828_665385,40,2026_05_13_DesignCycle0_ep40,74,0.0941628161072731,0.09316411390900611,-2.026338701248169,0.0832732473500073,0.07954460615292192,-1.0427900329232216,1.8269998168945312,0.725220613181591,0.37347585797309873,0.3289613891392946,1.8149455833435058,0.7279803603887558,1.81722927570343,0.7306911051273346,0.20294916033744811,0.22046645916998386,0.20275510609149933,0.21436626836657524,0.9988382005691528,0.7570023089647293,0.9850576829910278,0.7480922341346741,0.051615562587976456,0.08005257602781057,-2.0,-2.0
20260518_151828_665385,40,2026_05_13_DesignCycle0_ep40,75,0.10328934505581856,0.09924983099102974,-2.097900490760803,0.08805776806548238,0.08436840260401368,-1.0698911547660828,1.888564248085022,0.7546735778450966,0.3692708534002304,0.3315981198102236,1.8861759471893311,0.7666285037994385,1.8853254699707032,0.7627914547920227,0.22700430274009706,0.21812298148870468,0.21959985494613649,0.2140826564282179,0.9760131907463073,0.7655418142676353,0.9744289970397949,0.7495883777737617,0.05074374333024025,0.07961777318269014,-2.0,-2.0
