Run_ID,Run_Start_Episode,Resume_Checkpoint,Episode,Ind_Q1_Loss,Ind_Q2_Loss,Ind_Policy_Loss,Pop_Q1_Loss,Pop_Q2_Loss,Pop_Policy_Loss,Ind_Q_Target_Mean,Pop_Q_Target_Mean,Ind_Q_Target_Std,Pop_Q_Target_Std,Ind_Q1_Prediction_Mean,Pop_Q1_Prediction_Mean,Ind_Q2_Prediction_Mean,Pop_Q2_Prediction_Mean,Ind_Q1_TD_Abs_Mean,Pop_Q1_TD_Abs_Mean,Ind_Q2_TD_Abs_Mean,Pop_Q2_TD_Abs_Mean,Ind_Q1_TD_Abs_Max,Pop_Q1_TD_Abs_Max,Ind_Q2_TD_Abs_Max,Pop_Q2_TD_Abs_Max,Ind_Alpha,Pop_Alpha,Ind_Target_Entropy,Pop_Target_Entropy
20260513_172211_373628,0,2026_05_13_DesignCycle0_ep40,1,0.23214561153541913,0.2411144863475453,-1.817358222874728,0.22807818092405796,0.23999392241239548,-1.829379454255104,1.2740263505415483,1.2754311114549637,0.5396420874378898,0.537991639226675,1.2852134596217761,1.2905949652194977,1.283207579092546,1.2960108369588852,0.37134379690343683,0.3607038464397192,0.3810256909240376,0.37093326449394226,1.1345978433435613,1.1606162190437317,1.1493842059915715,1.1834036707878113,0.09940186887979507,0.09955117665231228,-6.833333333333332,-6.833333333333333
20260513_172211_373628,0,2026_05_13_DesignCycle0_ep40,2,0.2108878475778243,0.21228713235434363,-1.817298741901622,0.22617107629776,0.2253911616280675,-1.6725087761878967,1.2959666532628678,1.2055522352457047,0.5062378136550679,0.5251232720911503,1.2889388168559355,1.1292723044753075,1.2944408234427958,1.1349211931228638,0.3416967462090885,0.3588174507021904,0.3423257908400367,0.35987114161252975,1.296374335008509,1.198617696762085,1.2894098057466394,1.1549683287739754,0.09802731915431864,0.09875969961285591,-6.666666666666667,-6.666666666666667
20260513_172211_373628,0,2026_05_13_DesignCycle0_ep40,3,0.1650081839073788,0.16600881279869514,-1.8326451236551458,0.2553373109549284,0.26353806629776955,-1.7629289478063583,1.3489675467664546,1.2678874284029007,0.4648659500208768,0.48102688789367676,1.3305435397408225,1.2688607573509216,1.329644577069716,1.257299154996872,0.311866932971911,0.3822292722761631,0.3114444308660247,0.3895089775323868,1.0692481046373195,1.3426765352487564,1.0761206475171177,1.3769075274467468,0.09616034003821286,0.0979824373498559,-6.5,-6.5
20260513_172211_373628,0,2026_05_13_DesignCycle0_ep40,4,0.14604284703731538,0.14793870806694032,-1.8749240016937256,0.15338997542858124,0.15640194062143564,-1.7308592200279236,1.4018489074707032,1.2840223014354706,0.45058539509773254,0.41932687163352966,1.398567690849304,1.2681709825992584,1.400831298828125,1.2763521671295166,0.2788139086961746,0.29533974453806877,0.2812661999464035,0.29853587970137596,1.0495149827003478,1.0654257386922836,1.048998351097107,1.0735511034727097,0.09395773530006409,0.09721982851624489,-6.333333333333334,-6.333333333333333
20260513_172211_373628,0,2026_05_13_DesignCycle0_ep40,5,0.11339639723300934,0.11338959529995918,-1.9512729024887085,0.15609816182404757,0.15527968388050795,-1.8182334899902344,1.4892798900604247,1.3374953716993332,0.4111071753501892,0.4528685510158539,1.4906026601791382,1.3671068996191025,1.4904604291915893,1.3661295175552368,0.2481063961982727,0.28910609148442745,0.2487590205669403,0.2866530604660511,0.9749783158302308,1.142634555697441,0.9702304339408875,1.1326111406087875,0.09170015931129455,0.09646107535809278,-6.166666666666666,-6.166666666666667
20260513_172211_373628,0,2026_05_13_DesignCycle0_ep40,6,0.12807738080620765,0.13030758634209633,-1.9320469427108764,0.13930893689393997,0.14268052950501442,-1.7960773408412933,1.5013464069366456,1.3871602714061737,0.40967049181461335,0.4300364628434181,1.48343665599823,1.3706419467926025,1.4794351243972779,1.364887610077858,0.2630822306871414,0.26594383642077446,0.26320779621601104,0.26644300669431686,1.0122817540168763,1.0618070289492607,1.0270059680938721,1.066403292119503,0.08952278792858123,0.09570539928972721,-6.0,-6.0
20260513_172211_373628,0,2026_05_13_DesignCycle0_ep40,7,0.13284560933709144,0.13285070165991783,-1.994931182861328,0.10914856381714344,0.11014272458851337,-1.8481264561414719,1.581324429512024,1.4249070584774017,0.4174720561504364,0.36117350310087204,1.5822172498703002,1.4126809984445572,1.5855859231948852,1.4177093654870987,0.26453022241592405,0.24321412667632103,0.2651232624053955,0.24484394118189812,1.0311757922172546,0.9595940709114075,1.005989475250244,0.9606461673974991,0.08740030974149704,0.09496088046580553,-5.833333333333334,-5.833333333333333
20260513_172211_373628,0,2026_05_13_DesignCycle0_ep40,8,0.11010130748152733,0.1084586614370346,-2.0529938459396364,0.11781527288258076,0.12263759830966592,-1.826794981956482,1.6626807928085328,1.402483195066452,0.3865495586395264,0.4118390753865242,1.652594313621521,1.3914927244186401,1.6523840761184692,1.3904514908790588,0.23342422366142274,0.23850688710808754,0.23132156431674958,0.2450305987149477,0.977665193080902,1.0591166839003563,0.9751233434677125,1.0876518562436104,0.08535072952508926,0.09422581922262907,-5.666666666666666,-5.666666666666667
20260513_172211_373628,0,2026_05_13_DesignCycle0_ep40,9,0.13191558599472045,0.12852558970451355,-2.1025949907302857,0.09821439906954765,0.10185891389846802,-1.8717064559459686,1.7042501735687257,1.4657097905874252,0.4150284683704376,0.36422766745090485,1.6884469604492187,1.4591864049434662,1.6900280284881593,1.4506102353334427,0.26217703461647035,0.22635122574865818,0.25750865817070007,0.23470689915120602,1.0903480529785157,0.9706145823001862,1.084728605747223,0.9797075837850571,0.08337813138961792,0.09349869657307863,-5.5,-5.5
20260513_172211_373628,0,2026_05_13_DesignCycle0_ep40,10,0.12559263095259665,0.12478693976998328,-2.1411211585998533,0.09381060861051083,0.09618928842246532,-1.8988749384880066,1.758932547569275,1.4647222608327866,0.4193619179725647,0.37475810945034027,1.7516552162170411,1.476771667599678,1.7512507247924805,1.4804730117321014,0.2503584897518158,0.2291282769292593,0.2504490637779236,0.23376605845987797,1.0978299164772034,0.8433372303843498,1.0787483692169189,0.8529374301433563,0.08145544320344925,0.09278916846960783,-5.333333333333334,-5.333333333333334
20260513_172211_373628,0,2026_05_13_DesignCycle0_ep40,11,0.10803484484553337,0.10669836461544037,-2.2102602195739744,0.07916327053681016,0.08013704605400562,-1.891198068857193,1.8398169231414796,1.476586103439331,0.36719782710075377,0.3461400419473648,1.8413610982894897,1.4775135964155197,1.8416612720489502,1.4853985756635666,0.23339906096458435,0.20662637427449226,0.23157085180282594,0.20527604408562183,1.0228867650032043,0.8309651836752892,1.0058606743812561,0.8392248973250389,0.07958429634571075,0.09210250712931156,-5.166666666666666,-5.166666666666667
20260513_172211_373628,0,2026_05_13_DesignCycle0_ep40,12,0.1009976027905941,0.09951204910874367,-2.2386390590667724,0.11497658491134644,0.11509684473276138,-1.870158925652504,1.8602132177352906,1.482353001832962,0.368400444984436,0.3827979452908039,1.8611902904510498,1.4603464007377625,1.8625870275497436,1.4569188803434372,0.223265939950943,0.23920938931405544,0.2203538364171982,0.23998631723225117,1.017833800315857,1.1125822886824608,1.0087998628616333,1.109016314148903,0.07777586221694946,0.09143423475325108,-5.0,-5.0
20260513_172211_373628,0,2026_05_13_DesignCycle0_ep40,13,0.10270907990634441,0.10050857089459896,-2.2616714954376222,0.0932003865018487,0.1033256626687944,-1.8453409224748611,1.9395472812652588,1.483072116971016,0.36012876927852633,0.3496154695749283,1.9258727741241455,1.4683230966329575,1.926192979812622,1.4571637958288193,0.22970730900764466,0.21296025440096855,0.22663302183151246,0.2292344868183136,0.9456837391853332,0.9028177261352539,0.9364220070838928,0.9354066848754883,0.07603636473417281,0.09077629260718822,-4.833333333333333,-4.833333333333333
20260513_172211_373628,0,2026_05_13_DesignCycle0_ep40,14,0.08958118215203285,0.08805896371603011,-2.3132235908508303,0.12651604134589434,0.12839000392705202,-1.903217002749443,1.9684311437606812,1.5104492902755737,0.3475218361616135,0.38937414437532425,1.972950177192688,1.492868721485138,1.972967324256897,1.5024119913578033,0.21463072955608367,0.25050471164286137,0.21305041432380675,0.2543062511831522,0.8394490337371826,0.9761445298790932,0.8296417284011841,1.010387398302555,0.07436237394809724,0.09012613911181688,-4.666666666666666,-4.666666666666666
20260513_172211_373628,0,2026_05_13_DesignCycle0_ep40,15,0.09167283967137337,0.09046142295002937,-2.332486143112183,0.09421848505735397,0.09503908781334758,-1.9152443259954453,2.0262976360321043,1.5027515441179276,0.3374044144153595,0.3482419066131115,2.021716346740723,1.5203679502010345,2.021337513923645,1.5188173204660416,0.21631900668144227,0.2148920837789774,0.21623007833957672,0.2185246590524912,0.9376142120361328,0.9547715783119202,0.9081976461410523,0.9424433931708336,0.0727460578083992,0.08949093148112297,-4.5,-4.5
20260513_172211_373628,0,2026_05_13_DesignCycle0_ep40,16,0.09685586988925934,0.09521089166402817,-2.370396089553833,0.11254601832479239,0.11734613683074713,-1.9272572100162506,2.0592337322235106,1.5306109338998795,0.36288833022117617,0.4039026238024235,2.0584908008575438,1.534548595547676,2.0592500448226927,1.534312680363655,0.2158054906129837,0.24012630619108677,0.21293024063110352,0.24368048459291458,0.9598861718177796,1.0179461315274239,0.9664098811149597,1.0457560271024704,0.07118145942687988,0.08887070883065462,-4.333333333333334,-4.333333333333334
