Episode,Ind_Q1_Loss,Ind_Q2_Loss,Ind_Policy_Loss,Pop_Q1_Loss,Pop_Q2_Loss,Pop_Policy_Loss
1,2.0821571,2.082475,-4.6135526,0,0,0
2,2.650727,2.6503553,-4.818843,0,0,0
3,2.366476,2.3723862,-4.7121725,0,0,0
4,2.5921376,2.645071,1.0410894,0,0,0
5,2.1587272,2.7219892,2.0257504,0,0,0
6,1.3819532,1.7393608,6.710158,0,0,0
7,0.95302737,0.9361664,3.6055174,0,0,0
8,1.4538872,1.0589514,10.630024,0,0,0
9,0.6403111,0.5882669,-2.2030413,0,0,0
10,0.99372846,1.2146939,2.111902,0,0,0
11,0.907811,0.8751309,4.9742823,0,0,0
12,0.97444695,0.93596965,4.3216114,0,0,0
13,0.558373,0.5966058,2.1385133,0,0,0
14,0.7593565,0.61967474,3.9357867,0,0,0
15,0.5493986,0.5925135,2.0576904,0,0,0
16,0.47849718,0.47725427,4.4373784,0,0,0
17,0.34174094,0.32330838,0.47937477,0,0,0
18,0.45194626,0.40960848,1.645376,0,0,0
19,0.35462552,0.38015667,5.871668,0,0,0
20,0.30289993,0.3233031,1.8461626,0,0,0
21,0.22177373,0.21210891,3.2389092,0,0,0
22,1.2215856,1.1066928,-1.0912952,0,0,0
23,0.21222521,0.23168829,0.7004416,0,0,0
24,0.557449,0.60710114,2.0027905,0,0,0
25,0.35189262,0.35955265,3.2313762,0,0,0
26,0.2880018,0.3238849,4.794135,0,0,0
27,0.5389931,0.58179426,7.293775,0,0,0
28,0.34176335,0.35354334,2.0842695,0,0,0
29,0.16933319,0.17943856,1.2809314,0,0,0
30,0.557741,0.5160887,3.287219,0,0,0
31,0.76398647,0.7229846,6.921765,0,0,0
