Run_ID,Episode,Ind_Q1_Loss,Ind_Q2_Loss,Ind_Policy_Loss,Pop_Q1_Loss,Pop_Q2_Loss,Pop_Policy_Loss
20260420_141610_536736,1,1.6267873969945041,1.8524000482125715,-17.819513841108844,0.7500870898365974,0.8174353092908859,-17.596466779708862
20260420_141610_536736,2,1.6553560574265087,1.6111976162475699,-18.005818310905905,3.05915916711092,3.0102210231125355,-17.824338912963867
20260420_141610_536736,3,4.493264818056063,4.532763940366832,-18.326289783824574,1.65208026394248,1.6180790141224861,-17.71406626701355
20260420_141610_536736,4,2.4341775636587824,2.4549846135612046,-18.56153324672154,2.9158370792865753,2.933780001476407,-17.755597352981567
20260420_141610_536736,5,2.6025327769192783,2.650932177901268,-18.643964478463836,2.8672026339918375,2.8653469048440456,-17.889549255371094
20260420_141610_536736,6,1.776760621712758,1.7885755164883075,-18.727041586851463,4.059505298733711,4.108413655310869,-17.745454788208008
20260420_141610_536736,7,1.993715561926365,2.009279404953122,-18.871149015426635,1.5202906019985676,1.5601513907313347,-17.804837942123413
20260420_141610_536736,8,5.1208794092138605,5.153598894675572,-17.400708834330242,1.4830783307552338,1.4987397342920303,-17.916619300842285
20260420_141610_536736,9,2.7588144649158823,2.966616251251914,-18.782148361206055,1.4323171600699425,1.5393775328993797,-18.343006134033203
20260420_141610_536736,10,2.7568848904441383,2.938531475908616,-18.76821293550379,2.6214281395077705,2.7248304560780525,-18.085545778274536
20260420_141610_536736,11,3.4301392192190345,3.4939180693843146,-19.14227685061368,2.449844218790531,2.4974642768502235,-18.454033374786377
20260420_141610_536736,12,3.6671312706811086,3.6516512472714697,-19.392568043300084,3.417240858078003,3.511733464896679,-18.37448763847351
20260420_141610_536736,13,2.737446644992539,2.8042169484225186,-19.549183758822355,5.367717627435923,5.423223428428173,-18.31801462173462
20260420_141610_536736,14,2.3835423523798966,2.3869783186759705,-19.772547061626728,2.3953999653458595,2.4688630662858486,-18.671578407287598
20260420_141610_536736,15,3.1954811554402114,3.2284120524302127,-19.814634132385255,4.738643504679203,4.726352445781231,-18.22274947166443
20260420_141610_536736,16,9.491112922628721,9.421067188183466,-17.544724146525066,5.601031405851245,5.723026372492313,-18.28968381881714
20260420_141610_536736,17,0.18208377029408107,0.1980471211400899,-18.363493139093574,2.8335767053067684,2.899566423147917,-18.18745708465576
20260420_141610_536736,18,1.361182953504955,1.3750690436538529,-18.314507316140567,2.8079589419066906,2.8097875975072384,-18.3121976852417
20260420_141610_536736,19,1.5483520411970941,1.5644235045395114,-18.402735450051047,2.8296102806925774,2.8332611974328756,-18.070805072784424
20260420_141610_536736,20,1.971285878015416,1.991904015253697,-18.53318112237113,1.6498371213674545,1.7392681241035461,-18.696094036102295
20260420_141610_536736,21,0.8088567842814055,0.8060695871033452,-18.711313594471324,0.9960276260972023,1.0251468531787395,-18.24376916885376
20260420_141610_536736,22,1.9684121233339493,1.9802543556269927,-18.76770283625676,0.2619211580604315,0.28489721938967705,-18.573894023895264
20260420_141610_536736,23,3.0906757337972524,3.1054291492328048,-18.93819041252136,1.520600087940693,1.5257425587624311,-18.501417875289917
20260420_141610_536736,24,2.0401178325215974,2.1950790186723075,-18.15139675140381,1.5337281506508589,1.5147360675036907,-18.376184463500977
20260420_141610_536736,25,3.7934387827461418,3.8837006146257576,-18.057044289328836,4.552974445745349,4.537614507600665,-18.47803497314453
20260420_141610_536736,26,3.8642884484108757,3.923516149030012,-18.259650959688074,4.025287859141827,4.003407124429941,-18.276823043823242
20260420_141610_536736,27,2.139895237304948,2.163448567417535,-18.411078453063965,2.8438517823815346,2.8630068488419056,-18.208075761795044
20260420_141610_536736,28,3.10623622579234,3.1184709202498198,-18.419522626059397,2.7549534551799297,2.7750667072832584,-18.551283597946167
20260420_141610_536736,29,1.8247836783076778,1.8466692088228283,-18.59342234062426,1.6023415317758918,1.6217399574816227,-18.453020811080933
20260420_141610_536736,30,2.4251715193192163,2.438909638004425,-18.691771189371746,3.0013011395931244,2.956013962626457,-18.55696153640747
20260420_141610_536736,31,2.1413799971342087,2.112814236432314,-18.808998394012452,1.7844774862751365,1.7690082155168056,-18.497495412826538
