Run_ID,Run_Start_Episode,Resume_Checkpoint,Episode,Ind_Q1_Loss,Ind_Q2_Loss,Ind_Policy_Loss,Pop_Q1_Loss,Pop_Q2_Loss,Pop_Policy_Loss,Ind_Q_Target_Mean,Pop_Q_Target_Mean,Ind_Q_Target_Std,Pop_Q_Target_Std,Ind_Q1_Prediction_Mean,Pop_Q1_Prediction_Mean,Ind_Q2_Prediction_Mean,Pop_Q2_Prediction_Mean,Ind_Q1_TD_Abs_Mean,Pop_Q1_TD_Abs_Mean,Ind_Q2_TD_Abs_Mean,Pop_Q2_TD_Abs_Mean,Ind_Q1_TD_Abs_Max,Pop_Q1_TD_Abs_Max,Ind_Q2_TD_Abs_Max,Pop_Q2_TD_Abs_Max,Ind_Alpha,Pop_Alpha,Ind_Target_Entropy,Pop_Target_Entropy
20260523_175713_072508,0,2026_05_23_DesignCycle1_ep59,1,0.17471791939301926,0.17926337908614765,-2.4032107266512783,0.13585257437080145,0.13918765913695097,-1.9472051709890366,1.573608777739785,1.5069341957569122,0.6035572019490328,0.46380436420440674,1.570567943833091,1.5315365344285965,1.5743934132836082,1.53262497484684,0.32662415504455566,0.27139047905802727,0.3320374299179424,0.2786903865635395,1.0773401856422424,1.1053536608815193,1.0774444883519954,1.1072892025113106,0.09940343011509288,0.09955146908760071,-6.833333333333332,-6.833333333333333
20260523_175713_072508,0,2026_05_23_DesignCycle1_ep59,2,0.16106934801620595,0.1687414865283405,-2.2035172756980446,0.08308092597872019,0.08644535578787327,-1.864781215786934,1.5667528054293465,1.5277913361787796,0.5651047089520622,0.41295887157320976,1.5573646601508646,1.449450597167015,1.5600778635810404,1.435937613248825,0.29656489018131704,0.2292291559278965,0.30258597871836496,0.2309920508414507,1.0545793771743774,0.6814148053526878,1.0925304258570951,0.7285293564200401,0.09802475264843773,0.09875996876507998,-6.666666666666667,-6.666666666666667
20260523_175713_072508,0,2026_05_23_DesignCycle1_ep59,3,0.11220662532882257,0.11417862383479421,-2.195400508967313,0.14889020659029484,0.15197159443050623,-1.9738176316022873,1.6086810556325046,1.5092139542102814,0.5137255069884387,0.43535463511943817,1.60279258814725,1.533706471323967,1.5974932800639758,1.551035612821579,0.25244480642405426,0.2690267004072666,0.2545087371360172,0.2772557698190212,0.8897791857069189,1.3331493511795998,0.8916070569645275,1.314764030277729,0.09613833339376883,0.09797859191894531,-6.5,-6.5
20260523_175713_072508,0,2026_05_23_DesignCycle1_ep59,4,0.12520041182637215,0.126552614569664,-2.2341483879089354,0.13801409490406513,0.14412829279899597,-2.053928330540657,1.7374898767471314,1.6455490589141846,0.5227824318408966,0.4333305321633816,1.7260440301895141,1.6383187621831894,1.7260015392303467,1.610482081770897,0.25548035562038424,0.29448910616338253,0.25753097534179686,0.2993283811956644,1.0804351568222046,0.8735053390264511,1.0879665565490724,0.9037144482135773,0.09394500702619553,0.09721006080508232,-6.333333333333334,-6.333333333333333
20260523_175713_072508,0,2026_05_23_DesignCycle1_ep59,5,0.10498129084706306,0.10767623096704483,-2.2525902223587035,0.1235646279528737,0.12317376770079136,-1.9472223967313766,1.7832504606246948,1.622782975435257,0.5246108913421631,0.39787690714001656,1.7887863111495972,1.5391390174627304,1.7897262048721314,1.5676426142454147,0.2364412647485733,0.2741785794496536,0.24131335377693175,0.27575420774519444,0.9234005641937256,0.940519854426384,0.9359324145317077,0.9480680823326111,0.09164997905492783,0.09645239356905222,-6.166666666666666,-6.166666666666667
20260523_175713_072508,0,2026_05_23_DesignCycle1_ep59,6,0.1117073890566826,0.11180945456027985,-2.2615880298614504,0.09548475546762347,0.09436373598873615,-2.0531001687049866,1.8429095935821533,1.5998937487602234,0.46571638584136965,0.39531392231583595,1.83034255027771,1.665618747472763,1.8262169361114502,1.6423608362674713,0.2433452934026718,0.22371544688940048,0.24466365516185762,0.2200018595904112,0.9456979131698608,0.8771039620041847,0.9461554527282715,0.8714859485626221,0.08942151099443435,0.09570806100964546,-6.0,-6.0
20260523_175713_072508,0,2026_05_23_DesignCycle1_ep59,7,0.09051146388053893,0.09100266173481941,-2.3812856769561765,0.14134888630360365,0.13486072421073914,-2.0065470784902573,1.9566199779510498,1.667026549577713,0.46877741932868955,0.4944054186344147,1.9533382654190063,1.5905489176511765,1.9552369213104248,1.6129536032676697,0.22415266931056976,0.25799266435205936,0.22428267002105712,0.24871889874339104,0.8408282375335694,1.275034710764885,0.8486062955856323,1.2301579862833023,0.08725450992584229,0.09497396554797888,-5.833333333333334,-5.833333333333333
20260523_175713_072508,0,2026_05_23_DesignCycle1_ep59,8,0.106171295940876,0.10522144824266434,-2.4161999893188475,0.1356588639318943,0.13245700160041451,-2.0758653581142426,2.015742874145508,1.679445743560791,0.4654117023944855,0.4373500198125839,2.00155056476593,1.6964189857244492,2.002121677398682,1.6883054077625275,0.2263106769323349,0.23252560943365097,0.22473820745944978,0.2287876270711422,0.9882766008377075,1.2397564500570297,0.9803790092468262,1.2291808724403381,0.08518510967493058,0.09424528945237398,-5.666666666666666,-5.666666666666667
20260523_175713_072508,0,2026_05_23_DesignCycle1_ep59,9,0.08877593129873276,0.08833861097693443,-2.4810850715637205,0.095675028860569,0.09805457480251789,-2.0962105989456177,2.1106712675094603,1.7165102809667587,0.483131707906723,0.4135018326342106,2.116790461540222,1.7046139538288116,2.1158984088897705,1.7011466771364212,0.2107286536693573,0.22330166399478912,0.2093406093120575,0.22249647229909897,0.8494652700424195,0.9433974325656891,0.8646118450164795,0.9728501886129379,0.08317716807126999,0.09353021997958422,-5.5,-5.5
20260523_175713_072508,0,2026_05_23_DesignCycle1_ep59,10,0.08695937126874924,0.08828385174274445,-2.524219284057617,0.10063580051064491,0.09931998234242201,-2.145782172679901,2.152430362701416,1.7313259094953537,0.4483888864517212,0.43692371621727943,2.151062421798706,1.7452057600021362,2.1520309543609617,1.7528912127017975,0.2109589421749115,0.2213292308151722,0.21433597147464753,0.21673107333481312,0.8812506294250488,0.9965610206127167,0.8785000276565552,0.9813233464956284,0.08124023884534835,0.09282842744141817,-5.333333333333334,-5.333333333333334
20260523_175713_072508,0,2026_05_23_DesignCycle1_ep59,11,0.09186621800065041,0.09455959320068359,-2.596656379699707,0.09814577829092741,0.10023529082536697,-2.1800593435764313,2.2331078004837037,1.7695554047822952,0.48307666659355164,0.44928277283906937,2.227614526748657,1.765557050704956,2.2276643753051757,1.761544093489647,0.21595258355140687,0.2280374951660633,0.21967696130275727,0.23059712536633015,0.9339239263534546,0.9393493607640266,0.942725419998169,0.9349982291460037,0.07937606871128082,0.09213241003453732,-5.166666666666666,-5.166666666666667
20260523_175713_072508,0,2026_05_23_DesignCycle1_ep59,12,0.09804543435573577,0.09537803456187248,-2.7018357849121095,0.1327620674856007,0.13100940454751253,-2.108228236436844,2.3784612083435057,1.7464986592531204,0.48031082391738894,0.44106967374682426,2.3809741878509523,1.73585744202137,2.379652109146118,1.7382927983999252,0.21424879848957062,0.2532016299664974,0.2114317858219147,0.249180369079113,0.9004066419601441,1.1362432315945625,0.8803202247619629,1.1432843580842018,0.0775806513428688,0.09144790843129158,-5.0,-5.0
20260523_175713_072508,0,2026_05_23_DesignCycle1_ep59,13,0.11927415758371353,0.1176244731247425,-2.7272466659545898,0.0931342844851315,0.09589953441172838,-2.1721596717834473,2.4262003612518313,1.7591659128665924,0.5079292905330658,0.4417269863188267,2.408732395172119,1.7629359364509583,2.4125535392761233,1.7607277631759644,0.23542038798332215,0.22792311385273933,0.2342299258708954,0.22891734540462494,1.0923599004745483,0.8555567339062691,1.0965900182724,0.867980919778347,0.07583595722913743,0.09078636392951012,-4.833333333333333,-4.833333333333333
20260523_175713_072508,0,2026_05_23_DesignCycle1_ep59,14,0.09341685585677624,0.09111165046691895,-2.8428644371032714,0.10723237786442041,0.10725689260289073,-2.186408579349518,2.527859983444214,1.8067847043275833,0.5054981863498688,0.4422629214823246,2.526622648239136,1.789073646068573,2.5257758617401125,1.7890785038471222,0.21330604195594788,0.22900639101862907,0.2112061685323715,0.22988078743219376,0.9397734069824218,1.0526691228151321,0.9231986045837403,1.0501797199249268,0.07414728313684464,0.09013775456696749,-4.666666666666666,-4.666666666666666
20260523_175713_072508,0,2026_05_23_DesignCycle1_ep59,15,0.1147464795410633,0.11601618364453316,-2.9010918521881104,0.09906754409894347,0.09960284596309066,-2.2411524951457977,2.59573823928833,1.858731672167778,0.5402967417240143,0.4591406434774399,2.592603940963745,1.8490977585315704,2.5912957096099856,1.8486658334732056,0.23262591660022736,0.23247641883790493,0.23273659646511077,0.2341846525669098,1.0413384342193603,0.8896992355585098,1.0545377540588379,0.9042528569698334,0.0725085774064064,0.08949855994433165,-4.5,-4.5
20260523_175713_072508,0,2026_05_23_DesignCycle1_ep59,16,0.13335116520524026,0.13131506845355034,-2.902699375152588,0.14704773761332035,0.14826064836233854,-2.3067668080329895,2.6241710567474366,1.8708206564188004,0.4987911105155945,0.44428617507219315,2.6169446182250975,1.9172715097665787,2.6182573890686034,1.9149973094463348,0.24344180285930633,0.2472697887569666,0.24272081077098848,0.24439937807619572,1.0925830459594728,1.2841709107160568,1.0728762102127076,1.2980331033468246,0.07093636274337768,0.0888743856921792,-4.333333333333334,-4.333333333333334
20260523_175713_072508,0,2026_05_23_DesignCycle1_ep59,17,0.1700077809393406,0.1737095981836319,-2.9629329109191893,0.11610585078597069,0.11202822672203183,-2.15567883849144,2.69606595993042,1.8598499298095703,0.5135379672050476,0.4421662203967571,2.6788746452331544,1.7758126556873322,2.6782038497924803,1.7800343334674835,0.2700562262535095,0.25168925523757935,0.27113818407058715,0.24499570578336716,1.18657799243927,1.0440407246351242,1.2010381126403809,1.031643494963646,0.0694594919681549,0.08826278988271952,-4.166666666666667,-4.166666666666667
20260523_175713_072508,0,2026_05_23_DesignCycle1_ep59,18,0.1135367612540722,0.11093467459082604,-3.0248884677886965,0.12349842442199588,0.12132141552865505,-2.2769415974617004,2.771740550994873,1.919338896870613,0.5001266932487488,0.4506303258240223,2.7692734718322756,1.9006244540214539,2.7683069801330564,1.8995969742536545,0.22564835369586944,0.24432217329740524,0.22247539103031158,0.24063071608543396,1.032991313934326,1.1212635040283203,1.0211318302154542,1.1229915916919708,0.06802401095628738,0.0876586064696312,-4.0,-4.0
20260523_175713_072508,0,2026_05_23_DesignCycle1_ep59,19,0.10814404919743538,0.10938031658530235,-3.0779359436035154,0.10823406185954809,0.10578700248152018,-2.3197509348392487,2.8006448936462403,1.9051686227321625,0.47671195268630984,0.39737457036972046,2.793971748352051,1.9376151412725449,2.795299491882324,1.9384190440177917,0.21864656925201417,0.23014527186751366,0.21899977922439576,0.22783019207417965,1.0490409469604491,0.9538703113794327,1.0494678974151612,0.9526832550764084,0.06660154223442077,0.0870598778128624,-3.833333333333333,-3.8333333333333335
20260523_175713_072508,0,2026_05_23_DesignCycle1_ep59,20,0.11182130470871926,0.11535670071840286,-3.140684127807617,0.11158815119415522,0.11360125010833144,-2.2663336396217346,2.880432405471802,1.945789858698845,0.503345571756363,0.38935280591249466,2.8801562118530275,1.9297866225242615,2.881779193878174,1.9268167316913605,0.20998989999294282,0.21477325446903706,0.21219668924808502,0.2169543281197548,1.115914831161499,0.9585112929344177,1.12980384349823,0.9606347978115082,0.06525222599506378,0.08646572101861238,-3.666666666666667,-3.666666666666667
20260523_175713_072508,0,2026_05_23_DesignCycle1_ep59,21,0.11154916018247604,0.11251951903104782,-3.1908505153656006,0.08124116389080882,0.08549008797854185,-2.296132892370224,2.936853094100952,1.9770842045545578,0.4914052617549896,0.4078162610530853,2.9287314510345457,1.9516956955194473,2.9308192253112795,1.959580421447754,0.21971837937831878,0.20971465483307838,0.21836576998233795,0.2158194836229086,1.0626953315734864,0.8498630672693253,1.0713696575164795,0.8538418114185333,0.06395671725273132,0.0858863452449441,-3.5,-3.5
20260523_175713_072508,0,2026_05_23_DesignCycle1_ep59,22,0.1298668022453785,0.1316986131668091,-3.2692462158203126,0.14300056267529726,0.1435183472931385,-2.3171696960926056,3.021044225692749,1.983261689543724,0.4800525212287903,0.48075201362371445,3.017425136566162,1.9553755074739456,3.015018253326416,1.9450254887342453,0.21148405015468597,0.2513167355209589,0.21134108006954194,0.2526075653731823,1.1293930625915527,1.3227075338363647,1.1397909259796142,1.3088914155960083,0.06269225791096687,0.08532043267041445,-3.333333333333333,-3.3333333333333335
20260523_175713_072508,0,2026_05_23_DesignCycle1_ep59,23,0.16415885373950004,0.16465795591473578,-3.287676372528076,0.12478393921628594,0.12248184764757752,-2.4359446465969086,3.070122604370117,2.031681790947914,0.4984614342451096,0.42665328457951546,3.047241659164429,2.100211799144745,3.0464915943145754,2.0981616973876953,0.2564533233642578,0.24048289842903614,0.25821307599544524,0.2430113200098276,1.2125786209106446,1.1993880718946457,1.2005982112884521,1.1720988303422928,0.06145089745521545,0.08477165922522545,-3.166666666666667,-3.1666666666666665
20260523_175713_072508,0,2026_05_23_DesignCycle1_ep59,24,0.1413787467777729,0.1417561286687851,-3.3348090553283694,0.1534535177052021,0.15415247809141874,-2.3720399141311646,3.095991153717041,2.0474448204040527,0.47217668890953063,0.39565983787178993,3.104516372680664,2.0205508321523666,3.1032254600524904,2.0327116698026657,0.23742809653282165,0.30294201895594597,0.23895332872867583,0.3043648563325405,1.2348371791839599,1.0625019967556,1.234304394721985,1.0716844201087952,0.06027896299958229,0.08422527182847261,-3.0,-3.0
20260523_175713_072508,0,2026_05_23_DesignCycle1_ep59,25,0.18598462775349617,0.18783767089247705,-3.370248336791992,0.10321761108934879,0.10620332509279251,-2.3852162957191467,3.166111135482788,2.123110920190811,0.5128577363491058,0.46692346408963203,3.149172697067261,2.0533243864774704,3.149847354888916,2.048818200826645,0.24176375329494476,0.23131812550127506,0.24256040990352631,0.2349096592515707,1.434457654953003,0.9163504987955093,1.4453518772125244,0.9215632379055023,0.05914540097117424,0.08369193971157074,-2.833333333333333,-2.833333333333333
20260523_175713_072508,0,2026_05_23_DesignCycle1_ep59,26,0.179212349653244,0.17797783821821211,-3.459503355026245,0.08829060941934586,0.08674999792128801,-2.465755969285965,3.206224021911621,2.0902097672224045,0.4656487202644348,0.3924049437046051,3.212225751876831,2.1184545755386353,3.2127753639221193,2.111064851284027,0.2677703022956848,0.22089182026684284,0.26870365858078005,0.22174214757978916,1.3248449897766112,0.8443457931280136,1.3006879806518554,0.853738471865654,0.05807235777378082,0.0831849966198206,-2.666666666666666,-2.666666666666666
20260523_175713_072508,0,2026_05_23_DesignCycle1_ep59,27,0.11266985580325127,0.11465677991509438,-3.495067710876465,0.13308181380853057,0.1328769694082439,-2.44452503323555,3.286504907608032,2.112604171037674,0.44331475257873537,0.4104772061109543,3.2723716259002686,2.091551810503006,3.273813638687134,2.1003606617450714,0.22645340740680694,0.2385834064334631,0.22475270926952362,0.23859167471528053,0.8821361255645752,1.181433379650116,0.8970694732666016,1.16071218252182,0.05706448525190353,0.08269667625427246,-2.5,-2.5
20260523_175713_072508,0,2026_05_23_DesignCycle1_ep59,28,0.19451330691576005,0.1991730996966362,-3.514610080718994,0.10407422529533505,0.1067993687465787,-2.5030558705329895,3.3091159152984617,2.1439786851406097,0.48859714150428774,0.43176188692450523,3.3060556125640868,2.1582628786563873,3.3041046619415284,2.15626859664917,0.25312669694423673,0.2267945073544979,0.2604501271247864,0.22890212945640087,1.5142841625213623,1.0189577639102936,1.506538782119751,1.039868801832199,0.056073514074087144,0.08221118431538343,-2.333333333333333,-2.333333333333333
20260523_175713_072508,0,2026_05_23_DesignCycle1_ep59,29,0.17594253331422804,0.17372186437249185,-3.564473714828491,0.09927894733846188,0.10137441847473383,-2.470987230539322,3.3552166175842286,2.148041397333145,0.49319727420806886,0.4127340968698263,3.35113317489624,2.1499129831790924,3.351756362915039,2.1470746099948883,0.2513406556844711,0.21058483235538006,0.24683073222637175,0.21225572936236858,1.4301928329467772,1.0105953365564346,1.452712163925171,1.0108660161495209,0.055112046301364896,0.08173154387623072,-2.166666666666667,-2.166666666666667
20260523_175713_072508,0,2026_05_23_DesignCycle1_ep59,31,0.08087522773580118,0.07379159636118195,-2.1524457064541904,0.08100133202970028,0.07923646038398147,-2.1430916637182236,1.6392983414910056,1.7587381154298782,0.2935792790217833,0.35228437185287476,1.6329027956182307,1.705953985452652,1.640963543545116,1.7103260606527328,0.21280781382864172,0.215723080560565,0.20178317617286334,0.21538356877863407,0.7786730961366133,0.6818491145968437,0.7468304146419872,0.6640117391943932,0.09940243444659493,0.09955157712101936,-6.833333333333332,-6.833333333333333
20260523_175713_072508,0,2026_05_23_DesignCycle1_ep59,32,0.04145513014758334,0.0413691285340225,-2.177114248275757,0.05988087132573128,0.05626793368719518,-2.2144354581832886,1.7226110486423267,1.7876303791999817,0.2754270364256466,0.3236421123147011,1.7060401720159195,1.800895407795906,1.7052035051233627,1.7991380989551544,0.15776851510300355,0.1836720872670412,0.15835356011110194,0.17639479599893093,0.5102492430630852,0.6522503644227982,0.5039947278359357,0.6299654692411423,0.09801606746280894,0.09875830449163914,-6.666666666666667,-6.666666666666667
20260523_175713_072508,0,2026_05_23_DesignCycle1_ep59,33,0.04200985223393549,0.04056922193955292,-2.2545720555565576,0.07035738648846745,0.07012121006846428,-2.281142622232437,1.7990998950871555,1.830962896347046,0.2701414999636737,0.3367999419569969,1.7951558449051597,1.8496436178684235,1.7937702482396907,1.8497449606657028,0.14848819375038147,0.17579985596239567,0.14420903778888963,0.17482807859778404,0.5793588107282465,0.7218762263655663,0.5792973366650668,0.7438704296946526,0.096125451001254,0.09797295741736889,-6.5,-6.5
20260523_175713_072508,0,2026_05_23_DesignCycle1_ep59,34,0.055931094363331796,0.05564427457749844,-2.3243017292022703,0.036225036485120654,0.036523704417049885,-2.281113028526306,1.8823363876342774,1.8504971116781235,0.28666777968406676,0.2929478660225868,1.8851140546798706,1.8329681754112244,1.8847279453277588,1.835087463259697,0.1535433739423752,0.14621705375611782,0.15359696507453918,0.14725562557578087,0.6840683937072753,0.46774566173553467,0.6787007808685303,0.47171150147914886,0.09392437636852265,0.09719959460198879,-6.333333333333334,-6.333333333333333
20260523_175713_072508,0,2026_05_23_DesignCycle1_ep59,35,0.05601272478699684,0.05683768093585968,-2.401046733856201,0.04043718846514821,0.03948829462751746,-2.2932622134685516,1.9690298414230347,1.8910050839185715,0.2890409880876541,0.3282185457646847,1.964934334754944,1.8734557628631592,1.9659867238998414,1.8721083402633667,0.1510790193080902,0.1462837141007185,0.14928808122873305,0.14557373896241188,0.7524536275863647,0.549902006983757,0.7657987070083618,0.5297779142856598,0.09164791464805604,0.09643743559718132,-6.166666666666666,-6.166666666666667
20260523_175713_072508,0,2026_05_23_DesignCycle1_ep59,36,0.06007918134331703,0.05867571607232094,-2.4603364181518557,0.09084263793192804,0.08921246882528067,-2.304345518350601,2.062307662963867,1.8870921283960342,0.27129651606082916,0.38046660274267197,2.0553850650787355,1.8833617269992828,2.055071873664856,1.8809547126293182,0.15277092933654784,0.16910410299897194,0.15102166622877122,0.1705272290855646,0.8094383382797241,1.229167878627777,0.8035926628112793,1.2026908248662949,0.08946303725242614,0.09568799007683992,-6.0,-6.0
20260523_175713_072508,0,2026_05_23_DesignCycle1_ep59,37,0.05182738840579987,0.05069475084543228,-2.5519739818572997,0.054022981552407146,0.0541842554230243,-2.2725977897644043,2.161645097732544,1.8633258193731308,0.2587935608625412,0.3291886057704687,2.1513018798828125,1.8666733354330063,2.15310396194458,1.866205945611,0.1519589430093765,0.14351733028888702,0.14923332005739212,0.14568658452481031,0.6884322452545166,0.7005014196038246,0.685095796585083,0.6917290464043617,0.08731286108493805,0.0949505278840661,-5.833333333333334,-5.833333333333333
20260523_175713_072508,0,2026_05_23_DesignCycle1_ep59,38,0.03730574741959572,0.03627025745809078,-2.65102876663208,0.05049281241372228,0.051291455049067736,-2.327650159597397,2.2636239910125733,1.9106993824243546,0.2507178729772568,0.35110660269856453,2.268277645111084,1.916557177901268,2.2674866199493406,1.9167618155479431,0.14237766414880754,0.14914959948509932,0.13952724009752274,0.15071823075413704,0.5143352127075196,0.6852246522903442,0.5083655214309692,0.6942278146743774,0.0852510142326355,0.09422138519585133,-5.666666666666666,-5.666666666666667
20260523_175713_072508,0,2026_05_23_DesignCycle1_ep59,39,0.08239665806293488,0.08045371472835541,-2.6939872455596925,0.07616004953160882,0.07416673866100609,-2.421418070793152,2.3256762504577635,2.0216965675354004,0.3002349543571472,0.34284885227680206,2.316013021469116,2.020887404680252,2.317222852706909,2.0224695801734924,0.16414643734693526,0.15286363754421473,0.15930022537708283,0.1512068435549736,0.9454754257202148,0.9780263155698776,0.9407159328460694,0.9640554934740067,0.08326940387487411,0.09350049030035734,-5.5,-5.5
20260523_175713_072508,0,2026_05_23_DesignCycle1_ep59,40,0.09736561618745326,0.0950062694400549,-2.788240423202515,0.05285269464366138,0.05169107369147241,-2.431757152080536,2.439684200286865,2.047735422849655,0.2947594517469406,0.3543120361864567,2.422067222595215,2.0378438234329224,2.4242147636413574,2.0382329374551773,0.1888984453678131,0.13825222570449114,0.18284196853637696,0.13872113544493914,0.9636789846420288,0.8266391009092331,0.9564315557479859,0.8173659294843674,0.08134674936532975,0.09279086720198393,-5.333333333333334,-5.333333333333334
20260523_175713_072508,0,2026_05_23_DesignCycle1_ep59,41,0.053459340184926984,0.05404909215867519,-2.8726360321044924,0.11245912313461304,0.11518071265891194,-2.4175930321216583,2.522435636520386,2.0149035304784775,0.23343762159347534,0.39058763161301613,2.528438425064087,2.0039331763982773,2.527879362106323,2.0042023062705994,0.1611906358599663,0.18674647994339466,0.1645556518435478,0.19333492033183575,0.6238794326782227,1.2610263228416443,0.6228665781021118,1.247366413474083,0.07946940690279007,0.09209752455353737,-5.166666666666666,-5.166666666666667
20260523_175713_072508,0,2026_05_23_DesignCycle1_ep59,42,0.05911112688481808,0.06022216234356165,-2.949895076751709,0.06620598654262722,0.0662345364689827,-2.4755420684814453,2.611838073730469,2.0519227385520935,0.2502504026889801,0.3381330482661724,2.6105210399627685,2.0486116260290146,2.6088408756256105,2.0485739558935165,0.14540391236543657,0.1665686946362257,0.14862412601709366,0.1678199376910925,0.7456770515441895,0.8336458504199982,0.7459131526947022,0.8399721086025238,0.07765773683786392,0.0914165647700429,-5.0,-5.0
20260523_175713_072508,0,2026_05_23_DesignCycle1_ep59,43,0.10047758191823959,0.10170397542417049,-2.9846770000457763,0.05835174932144582,0.05797879071906209,-2.5048490464687347,2.6775064277648926,2.1152323484420776,0.3001921266317368,0.3300632182508707,2.659525279998779,2.098706543445587,2.6592846012115476,2.099349856376648,0.1804906517267227,0.17452910728752613,0.1845000794529915,0.17525404877960682,1.0603872060775756,0.6454447507858276,1.066868176460266,0.6544588357210159,0.07591422200202942,0.09074539225548506,-4.833333333333333,-4.833333333333333
20260523_175713_072508,0,2026_05_23_DesignCycle1_ep59,44,0.05686994828283787,0.05771211266517639,-3.093869342803955,0.058148897252976894,0.05892862053588033,-2.5504903495311737,2.7717252922058107,2.1568745374679565,0.25791886925697327,0.33766552433371544,2.775325355529785,2.1538369059562683,2.7749342060089113,2.1542513966560364,0.14146476954221726,0.1616562306880951,0.1428332233428955,0.1648649424314499,0.683792052268982,0.761871725320816,0.6988101530075074,0.7768545895814896,0.07422719299793243,0.09008475579321384,-4.666666666666666,-4.666666666666666
20260523_175713_072508,0,2026_05_23_DesignCycle1_ep59,45,0.1006217984110117,0.1020499663054943,-3.1352854061126707,0.035825020633637905,0.036047455156221986,-2.5076353549957275,2.8222080993652345,2.1364875435829163,0.2804508990049362,0.3066777139902115,2.81730525970459,2.1220642179250717,2.8168405532836913,2.121933564543724,0.19586289197206497,0.14318178221583366,0.19696253538131714,0.1450925674289465,0.8371498727798462,0.4886953830718994,0.8349455022811889,0.4958409368991852,0.07259085178375244,0.0894340006634593,-4.5,-4.5
20260523_175713_072508,0,2026_05_23_DesignCycle1_ep59,46,0.09900707878172398,0.0963415963947773,-3.210908727645874,0.0891763826366514,0.09197579463943839,-2.5566275119781494,2.9096168518066405,2.158372312784195,0.28751897215843203,0.36865474842488766,2.9049377822875977,2.1699256002902985,2.904268560409546,2.1704477667808533,0.17923094511032103,0.16249798610806465,0.17672653317451478,0.16778361797332764,0.93454008102417,1.1417561322450638,0.9120561599731445,1.1496034860610962,0.07098162770271302,0.08879274968057871,-4.333333333333334,-4.333333333333334
20260523_175713_072508,0,2026_05_23_DesignCycle1_ep59,47,0.08754999749362469,0.08687342330813408,-3.2601237201690676,0.06688708625733852,0.06778174079954624,-2.602467268705368,2.9786489105224607,2.215074211359024,0.27790759682655336,0.3289960753172636,2.9716800117492674,2.220493108034134,2.9722881507873535,2.218016117811203,0.16814940989017488,0.1464437423273921,0.16491642564535142,0.148341603577137,0.8625340747833252,0.8740379214286804,0.8657132244110107,0.8733165264129639,0.06942684322595596,0.08816243801265955,-4.166666666666667,-4.166666666666667
20260523_175713_072508,0,2026_05_23_DesignCycle1_ep59,48,0.06601296856999397,0.06465431600809098,-3.344735174179077,0.07367962086573243,0.07431720197200775,-2.585406184196472,3.059083271026611,2.2280208468437195,0.2537572932243347,0.35084203630685806,3.0569815540313723,2.21712663769722,3.0580390739440917,2.2195054590702057,0.15284589141607285,0.15838903933763504,0.1521754401922226,0.15963208116590977,0.6684622859954834,0.9114835411310196,0.6766448402404786,0.9260199069976807,0.06791318237781524,0.08754224516451359,-4.0,-4.0
20260523_175713_072508,0,2026_05_23_DesignCycle1_ep59,49,0.10623332686722278,0.1057792779058218,-3.404726657867432,0.07037471234798431,0.07193909934721887,-2.653805196285248,3.117999439239502,2.278958886861801,0.29436233699321745,0.3334313593804836,3.1149974822998048,2.2679632902145386,3.116276922225952,2.26912584900856,0.17185595899820327,0.15978567022830248,0.17138209253549574,0.16198127251118422,1.1182595920562743,0.8496367484331131,1.113841733932495,0.8604382425546646,0.0664878734946251,0.08693135902285576,-3.833333333333333,-3.8333333333333335
20260523_175713_072508,0,2026_05_23_DesignCycle1_ep59,50,0.1133186700195074,0.11168470777571202,-3.455953531265259,0.08961308049038053,0.08939305413514376,-2.6356438994407654,3.188004913330078,2.2880898118019104,0.3144335603713989,0.35216227546334267,3.182298154830933,2.2659425139427185,3.181734733581543,2.265996277332306,0.17280029326677324,0.1761012226343155,0.1735283514857292,0.17538917995989323,1.0665738010406494,0.8776805400848389,1.0577956295013429,0.8793169260025024,0.06510595172643661,0.0863328380510211,-3.666666666666667,-3.666666666666667
20260523_175713_072508,0,2026_05_23_DesignCycle1_ep59,51,0.11991913013160228,0.12009264722466469,-3.524696502685547,0.07624733843840659,0.07450001686811447,-2.6544464826583862,3.261434736251831,2.291718542575836,0.3090737646818161,0.3380505181849003,3.2596332359313966,2.293246418237686,3.258253698348999,2.2914507389068604,0.1978263771533966,0.17881085723638535,0.2008575040102005,0.1760916318744421,1.1134449863433837,0.8643878549337387,1.1172908687591552,0.8660573661327362,0.06374971151351928,0.08574936911463737,-3.5,-3.5
20260523_175713_072508,0,2026_05_23_DesignCycle1_ep59,52,0.09911251209676265,0.09784360587596894,-3.608642988204956,0.1182789346203208,0.11713071772828698,-2.677171915769577,3.3468421363830565,2.305588960647583,0.2730516189336777,0.4037724435329437,3.331472063064575,2.297066420316696,3.3329810523986816,2.296699643135071,0.17288017004728318,0.18902337364852428,0.17058605581521988,0.18694608099758625,0.9611340427398681,1.1562459617853165,0.9628423023223877,1.1568952798843384,0.0624547615647316,0.0851797116920352,-3.333333333333333,-3.3333333333333335
20260523_175713_072508,0,2026_05_23_DesignCycle1_ep59,53,0.08840156070888043,0.08656768448650837,-3.6779897594451905,0.09540662402287126,0.09406567364931107,-2.749397873878479,3.420477828979492,2.387089490890503,0.2846234047412872,0.3732649236917496,3.4222516632080078,2.390512853860855,3.4226081657409666,2.391444355249405,0.16662648409605027,0.1853589005768299,0.16335119277238846,0.1789947059005499,0.9028374290466309,1.1178213357925415,0.8901918983459473,1.1144900918006897,0.061218050122261045,0.08462390303611755,-3.166666666666667,-3.1666666666666665
20260523_175713_072508,0,2026_05_23_DesignCycle1_ep59,54,0.09303338341414928,0.09220719635486603,-3.749340047836304,0.07558991201221943,0.07357847434468567,-2.777133136987686,3.503249139785767,2.4075262546539307,0.26696410059928893,0.34423356130719185,3.4922745990753175,2.4092186391353607,3.49160213470459,2.409597009420395,0.1877385315299034,0.17013263516128063,0.1885642871260643,0.16619407944381237,0.893179407119751,0.895548552274704,0.8807137203216553,0.905311644077301,0.06000573888421059,0.08406991511583328,-3.0,-3.0
20260523_175713_072508,0,2026_05_23_DesignCycle1_ep59,55,0.06966227490454913,0.07337018992751837,-3.79827486038208,0.05323829036206007,0.054653390077874064,-2.815977782011032,3.552147808074951,2.447825700044632,0.25529642224311827,0.32212994433939457,3.5459109687805177,2.4526710212230682,3.5457810497283937,2.453002840280533,0.13856483161449432,0.1579684503376484,0.14661412090063095,0.15940179955214262,0.7594209480285644,0.6667740345001221,0.7811350631713867,0.673131912946701,0.05882875725626945,0.08352580480277538,-2.833333333333333,-2.833333333333333
20260523_175713_072508,0,2026_05_23_DesignCycle1_ep59,56,0.11962446928024292,0.11933412965387107,-3.8466396808624266,0.07942646369338036,0.0793278650380671,-2.8042529821395874,3.5980658626556394,2.4452060163021088,0.32082301676273345,0.34534160047769547,3.5933510875701904,2.4395691454410553,3.5952738666534425,2.4405780732631683,0.16775344640016557,0.16689489968121052,0.17007773399353027,0.16768957767635584,1.151512050628662,0.9195257127285004,1.1505811500549317,0.9234381914138794,0.05767970263957977,0.08299391344189644,-2.666666666666666,-2.666666666666666
20260523_175713_072508,0,2026_05_23_DesignCycle1_ep59,57,0.13113483123481273,0.1277670894935727,-3.9173696517944334,0.04981704684905708,0.04943313798867166,-2.814063787460327,3.6719580268859864,2.4777242243289948,0.3113307374715805,0.3375999592244625,3.676264610290527,2.4637990295886993,3.674847650527954,2.4625361561775208,0.1948837897181511,0.1561231128871441,0.19464458733797074,0.1544539351016283,1.1617378997802734,0.6648378670215607,1.1383200359344483,0.6602857261896133,0.05657446324825287,0.08247147500514984,-2.5,-2.5
20260523_175713_072508,0,2026_05_23_DesignCycle1_ep59,58,0.11816358923912049,0.11816379681229591,-3.960148963928223,0.1299985577352345,0.13015083270147443,-2.8330798149108887,3.731778268814087,2.4897008538246155,0.29611119151115417,0.44799019768834114,3.7219679069519045,2.4832621216773987,3.7209200859069824,2.4838490188121796,0.18202101051807404,0.188919423148036,0.18423600792884826,0.18861267529428005,0.991486177444458,1.3136743307113647,0.9997377014160156,1.3020343035459518,0.05552589297294617,0.08196455053985119,-2.333333333333333,-2.333333333333333
20260523_175713_072508,0,2026_05_23_DesignCycle1_ep59,59,0.07270984426140785,0.06951829165220261,-4.032243156433106,0.08048017672263086,0.07677976530976593,-2.8998065292835236,3.8018413829803466,2.5366384088993073,0.24292925357818604,0.3558424785733223,3.7975766372680666,2.5457108914852142,3.7981551837921144,2.5445640087127686,0.15851770877838134,0.16388436779379845,0.15458221971988678,0.16272393986582756,0.7347200298309327,1.0188382714986801,0.7171496105194092,0.9835401326417923,0.054512177407741544,0.0814714441075921,-2.166666666666667,-2.166666666666667
