Run_ID,Run_Start_Episode,Resume_Checkpoint,Episode,Ind_Q1_Loss,Ind_Q2_Loss,Ind_Policy_Loss,Pop_Q1_Loss,Pop_Q2_Loss,Pop_Policy_Loss,Ind_Q_Target_Mean,Pop_Q_Target_Mean,Ind_Q_Target_Std,Pop_Q_Target_Std,Ind_Q1_Prediction_Mean,Pop_Q1_Prediction_Mean,Ind_Q2_Prediction_Mean,Pop_Q2_Prediction_Mean,Ind_Q1_TD_Abs_Mean,Pop_Q1_TD_Abs_Mean,Ind_Q2_TD_Abs_Mean,Pop_Q2_TD_Abs_Mean,Ind_Q1_TD_Abs_Max,Pop_Q1_TD_Abs_Max,Ind_Q2_TD_Abs_Max,Pop_Q2_TD_Abs_Max,Ind_Alpha,Pop_Alpha,Ind_Target_Entropy,Pop_Target_Entropy
20260522_162227_094285,0,2026_05_22_DesignCycle0_ep60,1,0.26718922230330383,0.2809303931214593,-1.4483697902072559,0.16971181984990835,0.17835085839033127,-1.189769059419632,0.7495068257505243,0.7760790809988976,0.652983849698847,0.4230627678334713,0.7404130724343386,0.7168084532022476,0.7345890186049722,0.7182308286428452,0.410575958815488,0.3018960691988468,0.41925767876885156,0.3085778020322323,1.1700688492168079,1.1674944013357162,1.2185257348147305,1.2046615928411484,0.09940506653352217,0.09955131355673075,-6.833333333333332,-6.833333333333333
20260522_162227_094285,0,2026_05_22_DesignCycle0_ep60,2,0.21569216777296626,0.22399675670792074,-1.3634271902196549,0.13465869706124067,0.1360178366303444,-1.2481685876846313,0.7382167402435752,0.8167649954557419,0.566556404618656,0.4540046155452728,0.6986886262893677,0.791103407740593,0.6912618104149314,0.7727212384343147,0.3648461646893445,0.26552578806877136,0.3733997625463149,0.26392264664173126,1.0960918875301586,0.9929485321044922,1.0933622928226696,1.0288257449865341,0.09803214713054545,0.09875816851854324,-6.666666666666667,-6.666666666666667
20260522_162227_094285,0,2026_05_22_DesignCycle0_ep60,3,0.1677595048465512,0.17367692562666806,-1.3129750544374639,0.1290331669151783,0.13049963722005486,-1.3201107531785965,0.8303845145485618,0.8610816672444344,0.49407267705960706,0.42024389281868935,0.8092737224968997,0.8852012753486633,0.8068833757530559,0.8903240188956261,0.3179690438238057,0.2560548186302185,0.32583303275433456,0.2592159640043974,0.9560630863363092,1.0300437919795513,0.9671086587689139,1.0240787044167519,0.09614666652950374,0.09797314275056124,-6.5,-6.5
20260522_162227_094285,0,2026_05_22_DesignCycle0_ep60,4,0.1509432652592659,0.1578171184659004,-1.3501555156707763,0.11521480465307832,0.1163889947347343,-1.3177597671747208,0.8854080128669739,0.9125073477625847,0.48940969586372374,0.4076031632721424,0.8480566930770874,0.9003472030162811,0.840493323802948,0.8955439552664757,0.2981791216135025,0.2450135387480259,0.30537475645542145,0.24773657694458961,0.970111472606659,0.9113636463880539,0.9980885314941407,0.9124933332204819,0.09391900599002838,0.09719481319189072,-6.333333333333334,-6.333333333333333
20260522_162227_094285,0,2026_05_22_DesignCycle0_ep60,5,0.12941617012023926,0.1324567660689354,-1.422857975959778,0.10901535954326391,0.11051909904927015,-1.2957602739334106,0.9694152069091797,0.8903187736868858,0.46044560432434084,0.45471369102597237,0.9625002670288086,0.862167626619339,0.9664297604560852,0.8630948439240456,0.27638757944107056,0.25722124241292477,0.2810069006681442,0.26038539223372936,0.9042128181457519,0.7760591953992844,0.9153989505767822,0.7750075310468674,0.09162310123443604,0.09642735868692398,-6.166666666666666,-6.166666666666667
20260522_162227_094285,0,2026_05_22_DesignCycle0_ep60,6,0.10109260618686676,0.1064749738574028,-1.4790805530548097,0.10447884071618319,0.10517637245357037,-1.4198290705680847,1.047816743850708,0.9391783103346825,0.42694204926490786,0.41504911333322525,1.0494360494613648,0.9511324390769005,1.0442861366271972,0.9578575640916824,0.24213011801242829,0.24163270741701126,0.24848287403583527,0.23852545209228992,0.8449855041503906,0.9239708408713341,0.8871645092964172,0.9126501530408859,0.08939232468605042,0.0956752672791481,-6.0,-6.0
20260522_162227_094285,0,2026_05_22_DesignCycle0_ep60,7,0.10036974206566811,0.10322774291038513,-1.5624980592727662,0.1116145271807909,0.10953241074457765,-1.4512823522090912,1.149736032485962,0.9739065617322922,0.4255326020717621,0.4085547402501106,1.1375745415687561,0.9822564423084259,1.1384845447540284,0.9703477472066879,0.23670906722545623,0.24432170391082764,0.2398828911781311,0.2406821046024561,0.8727873277664184,0.8939907997846603,0.8906048631668091,0.9181856587529182,0.08725947678089142,0.09493840951472521,-5.833333333333334,-5.833333333333333
20260522_162227_094285,0,2026_05_22_DesignCycle0_ep60,8,0.0917920733988285,0.0943565757572651,-1.5979085063934326,0.10815938375890255,0.10622216342017055,-1.4191647171974182,1.2077701950073243,1.021302156150341,0.40412856459617613,0.4284067153930664,1.2047905540466308,1.0025200694799423,1.203036847114563,1.0111324191093445,0.2286666613817215,0.2474320326000452,0.23048111498355867,0.24381292052567005,0.7974428558349609,0.9016084969043732,0.8093556523323059,0.8784780129790306,0.08519852221012116,0.09421307127922773,-5.666666666666666,-5.666666666666667
20260522_162227_094285,0,2026_05_22_DesignCycle0_ep60,9,0.09875474229454995,0.09898372679948807,-1.6549702501296997,0.12374952342361212,0.12044900469481945,-1.4113549590110779,1.288175344467163,1.0112165063619614,0.402883540391922,0.4431958720088005,1.2796292304992676,0.9699164107441902,1.280830636024475,0.9681815281510353,0.2335498422384262,0.2651384864002466,0.2338414430618286,0.2583380974829197,0.8806993794441224,0.9379119426012039,0.8849812340736389,0.923250786960125,0.08319474220275878,0.09350355993956327,-5.5,-5.5
20260522_162227_094285,0,2026_05_22_DesignCycle0_ep60,10,0.09816717863082886,0.10084244355559349,-1.7216854810714721,0.1283903792500496,0.12927380576729774,-1.4277437031269073,1.3525940656661988,1.0113332271575928,0.4157741618156433,0.4219811223447323,1.359309902191162,1.0259041637182236,1.3570036268234253,1.0221643671393394,0.2312459498643875,0.2566125765442848,0.23347069263458253,0.25553280115127563,0.9015883493423462,1.0652886033058167,0.9172929549217224,1.0581176951527596,0.08126383572816849,0.09281370230019093,-5.333333333333334,-5.333333333333334
20260522_162227_094285,0,2026_05_22_DesignCycle0_ep60,11,0.10072771981358528,0.10162823900580406,-1.7976989507675172,0.09154256666079164,0.09017135947942734,-1.4870969653129578,1.44447829246521,1.0685620531439781,0.4234926199913025,0.39635108783841133,1.4341249322891236,1.0569917932152748,1.4346490955352784,1.070985808968544,0.23632047355175018,0.23440999537706375,0.2366997045278549,0.2346918936818838,0.8581747937202454,0.7030564621090889,0.881015818119049,0.6946631893515587,0.0794057035446167,0.09213187824934721,-5.166666666666666,-5.166666666666667
20260522_162227_094285,0,2026_05_22_DesignCycle0_ep60,12,0.1036347059905529,0.1061533172428608,-1.843118004798889,0.09464346431195736,0.09329325379803777,-1.4137721508741379,1.5177237749099732,1.0409879013895988,0.41381113171577455,0.3941371291875839,1.511752462387085,1.000226005911827,1.510286235809326,0.9845294132828712,0.23854377925395964,0.22688806615769863,0.23993341863155365,0.223310649394989,0.8734163618087769,0.9008361771702766,0.8909597229957581,0.8771277219057083,0.07761454284191131,0.09145941864699125,-5.0,-5.0
20260522_162227_094285,0,2026_05_22_DesignCycle0_ep60,13,0.10223348915576935,0.10511010318994522,-1.8926179504394531,0.13847222179174423,0.1412326479330659,-1.4591282308101654,1.5764906787872315,1.024209976196289,0.4015122401714325,0.41422639414668083,1.5726451349258423,1.0647127404808998,1.5712015342712402,1.068435899913311,0.23276799857616426,0.26999606750905514,0.2358536285161972,0.2724205832928419,0.9178748226165772,1.108549304306507,0.9330433440208435,1.125719428062439,0.07586285889148713,0.09080121200531721,-4.833333333333333,-4.833333333333333
20260522_162227_094285,0,2026_05_22_DesignCycle0_ep60,14,0.12779531762003898,0.13155746564269066,-1.9609747076034545,0.1218399815261364,0.12542903516441584,-1.4787889420986176,1.6459809494018556,1.1091986894607544,0.4147984224557877,0.43620437383651733,1.6394806718826294,1.0886381417512894,1.641623797416687,1.0855735167860985,0.2505998551845551,0.2528136186301708,0.25492125809192656,0.2553871441632509,1.0944903635978698,1.0429141372442245,1.1134809708595277,1.0574068576097488,0.0741739183664322,0.09015285596251488,-4.666666666666666,-4.666666666666666
20260522_162227_094285,0,2026_05_22_DesignCycle0_ep60,15,0.10982552111148834,0.11412575602531433,-1.988135919570923,0.10331625491380692,0.10566122736781836,-1.438703790307045,1.7187850761413574,1.0981100648641586,0.4210538959503174,0.40085818246006966,1.7096036958694458,1.0580228492617607,1.703624014854431,1.0525070205330849,0.24499488592147828,0.24107918702065945,0.25060542702674865,0.24338939413428307,0.9084280586242676,0.8297738805413246,0.9233305025100708,0.8275967389345169,0.07254156649112702,0.08952032681554556,-4.5,-4.5
20260522_162227_094285,0,2026_05_22_DesignCycle0_ep60,16,0.13043394237756728,0.1298469337821007,-2.0483773612976073,0.08230256754904985,0.0841184426099062,-1.5884158611297607,1.768595380783081,1.129299595952034,0.42762596607208253,0.36429036781191826,1.753491425514221,1.1866453438997269,1.7599483966827392,1.1927041709423065,0.2544457018375397,0.21653108298778534,0.2513833379745483,0.21857436932623386,1.0580224466323853,0.7004277557134628,1.0705693674087524,0.7254095152020454,0.0709469422698021,0.08889870159327984,-4.333333333333334,-4.333333333333334
20260522_162227_094285,0,2026_05_22_DesignCycle0_ep60,17,0.09552556410431862,0.09719414100050926,-2.1253268766403197,0.13008642755448818,0.13597275037318468,-1.5564879924058914,1.8408418989181519,1.1568205505609512,0.3871412336826324,0.4327075779438019,1.8373208808898926,1.110404260456562,1.833216166496277,1.10539048910141,0.23189245641231537,0.2764573059976101,0.2309887284040451,0.2852541618049145,0.8347355818748474,0.9280731081962585,0.8490826416015625,0.9305607303977013,0.06943471878767013,0.08829815685749054,-4.166666666666667,-4.166666666666667
