Run_ID,Episode,Ind_Q1_Loss,Ind_Q2_Loss,Ind_Policy_Loss,Pop_Q1_Loss,Pop_Q2_Loss,Pop_Policy_Loss
20260417_154116_032810,1,3.5649316717277872,3.6188377792185005,-18.61057610945268,0,0,0
20260417_154116_032810,2,3.581704795360565,3.6303377081366146,-19.581956639009363,0,0,0
20260417_154116_032810,3,4.460332667285746,4.547987371683121,-19.88342709974809,0,0,0
20260417_154116_032810,4,2.277059424136366,2.305070066026279,-20.45867735998971,0,0,0
20260417_154116_032810,5,3.1832276898803133,3.179350983915907,-20.409384293989703,0,0,0
20260417_154116_032810,6,2.6674744302504942,2.7191044135313285,-20.393010390432256,0,0,0
20260417_154116_032810,7,1.9146546442494836,1.8540322160304978,-20.612584491108738,0,0,0
20260417_154116_032810,8,2.3537680883796845,2.346851358000113,-20.115298718822245,0,0,0
20260417_154116_032810,9,1.9560695911447208,1.947642978142809,-20.190252127470792,0,0,0
20260417_154116_032810,10,2.689003925770521,2.689240380252401,-20.09215695063273,0,0,0
20260417_154116_032810,11,1.624983944113438,1.6434310384667836,-20.20851237957294,0,0,0
20260417_154116_032810,12,3.1785084307193756,3.176550150127478,-20.44343647486727,0,0,0
20260417_154116_032810,13,2.6543071180778113,2.6240096175552985,-20.453128011603106,0,0,0
20260417_154116_032810,14,2.117624887424271,2.1216143755832824,-20.322483667513218,0,0,0
20260417_154116_032810,15,2.9922637734776254,2.9926955862634483,-20.33924506176477,0,0,0
20260417_154116_032810,16,3.4579823976082187,3.4365963112282496,-20.31920810412335,0,0,0
20260417_154116_032810,17,1.882127088399566,1.8767005107840713,-20.30700224273059,0,0,0
20260417_154116_032810,18,1.7610403259843588,1.756537631750107,-20.341552600860595,0,0,0
20260417_154116_032810,19,2.6466683365404604,2.7503833663463593,-20.31066915512085,0,0,0
20260417_154116_032810,20,1.3551714458316564,1.3782109223306178,-20.385997428894044,0,0,0
