Run_ID,Episode,Ind_Q1_Loss,Ind_Q2_Loss,Ind_Policy_Loss,Pop_Q1_Loss,Pop_Q2_Loss,Pop_Policy_Loss
20260511_150924_048511,1,0.2480278706008737,0.2479442954063415,-0.488453369248997,0.2413328662514686,0.2412564735859632,-0.4832380972802639
20260511_150924_048511,2,0.1743706087855731,0.1706628698636503,-0.7828909158706665,0.2764883488416672,0.2760118618607521,-0.492540180683136
20260511_150924_048511,3,0.143395469608632,0.1398478732867674,-0.822635680437088,0.2323499787598848,0.2312862649559974,-0.5719217732548714
20260511_150924_048511,4,0.1420342312859637,0.1428890632731574,-0.9219553470611572,0.1606219206005334,0.1551187392324209,-0.7581005394458771
20260511_150924_048511,5,0.1315431107174266,0.133351016451012,-0.8838640180501071,0.1417754460126161,0.1400279384106397,-0.9192295148968695
20260511_150924_048511,6,0.0965963236223428,0.1012993018405559,-1.020298896691738,0.119812567718327,0.1178176086395978,-0.8562010750174522
20260511_150924_048511,7,0.0611381255555898,0.065181967196986,-1.138003545999527,0.1104359310120344,0.1084013143554329,-0.8802672997117043
20260511_150924_048511,8,0.053764120908454,0.0542608725838363,-1.2887002140283583,0.1071428088471293,0.1061924612149596,-0.8899377509951591
20260511_150924_048511,9,0.0497693659272044,0.0487089519854635,-1.4292993813753128,0.0869205626659095,0.0858978957403451,-0.9390476942062378
20260511_153607_598799,9,0.058292028075084,0.0584715829230845,-1.4682100653648376,0.0686263721436262,0.0686480272561311,-0.9447102844715118
20260511_153607_598799,10,0.0530691989697515,0.0531700602266937,-1.603643810749054,0.110565772280097,0.1101628290489316,-0.9047222509980202
20260511_153607_598799,11,0.0558305860497057,0.0561809956096112,-1.7448903501033783,0.111443419707939,0.110457913717255,-0.97626993060112
20260511_153607_598799,12,0.0566917118616402,0.0569398019928485,-1.874133586883545,0.0876283231191337,0.0875612036325037,-0.921374887228012
20260511_153607_598799,13,0.0478323567425832,0.0483946434920653,-2.0370990693569184,0.0628147642128169,0.0627107773907482,-1.0192908868193626
20260511_153607_598799,14,0.0435501973261125,0.0438991671893745,-2.171559858322144,0.0739721185527741,0.0741267995908856,-1.0390601009130478
20260511_153607_598799,15,0.0588579391129314,0.0583231502678245,-2.3240109205245973,0.0675471839495003,0.0677942680194974,-0.9942038208246232
20260511_153607_598799,16,0.0491016248241066,0.0490604244172573,-2.4465962529182432,0.0703915674239397,0.0719977375119924,-1.0562521666288376
20260511_153607_598799,17,0.0510067691560834,0.0507980508729815,-2.5943749606609345,0.0691263424232602,0.0695508359931409,-1.039296656847
20260511_153607_598799,18,0.0657806709874421,0.0648194107227027,-2.730186957120895,0.0815404397435486,0.0825294991955161,-1.0716013461351397
20260511_153607_598799,19,0.0763903972692787,0.0770839893724769,-2.8667149782180785,0.0559271043166518,0.0566180255264043,-1.1303244084119797
20260511_153607_598799,20,0.072912450437434,0.0726459216792136,-3.0150076508522035,0.0615756583865731,0.0636022100225091,-1.0866194367408752
20260511_160728_402140,20,0.0792598644271493,0.0785511740949004,-3.135670876502991,0.0548610230907797,0.0559162022545933,-1.113804712891579
20260511_161046_636547,21,0.080506137269549,0.0805941428057849,-3.274033761024475,0.0644346456974744,0.0660895779728889,-1.1758048832416534
20260511_161046_636547,22,0.0893867123872041,0.0896240699570626,-3.417968785762787,0.0523883032146841,0.0541095796506851,-1.1831262856721878
20260511_161046_636547,23,0.0849573821760714,0.0847356013255193,-3.572953325510025,0.0392821356654167,0.0407984522171318,-1.2092506140470505
20260511_161755_376869,24,0.0775383614236489,0.0781871389597654,-3.753721183538437,0.0418720443267375,0.0439581989776343,-1.2675277441740036
20260511_161755_376869,25,0.0817605801625177,0.0807032011449337,-3.875544053316117,0.0536582265049219,0.054612316424027,-1.2366207987070084
20260511_161755_376869,26,0.0892143097938969,0.0887895167339593,-4.034477007389069,0.045091841253452,0.0482113471953198,-1.2978456616401672
20260511_161755_376869,27,0.0783544257748872,0.077635963843204,-4.177933573722839,0.0500523108057677,0.0538979873526841,-1.2962756007909777
20260511_162836_213500,28,0.1102471729507669,0.1095105881337076,-4.329316186904907,0.047147384379059,0.0500003420747816,-1.336427479982376
20260511_162836_213500,29,0.0908188263187184,0.0906115297926589,-4.480075383186341,0.0367307006381452,0.0405965684913098,-1.3541875779628754
20260511_164018_778947,29,0.0822529566008597,0.0843163716606795,-4.503903591632843,0.0380808220943436,0.0403641056036576,-1.3759172558784485
20260511_164018_778947,30,0.0947561300825327,0.0956088049337267,-4.620924544334412,0.0334175969474017,0.0368490244727581,-1.394968405365944
20260511_164018_778947,31,0.1795197796542197,0.18097909768112,-4.7645792126655575,0.0294507804792374,0.0328617454506456,-1.410116583108902
20260511_164018_778947,32,0.1632773667108267,0.1634807378984987,-4.909159028530121,0.0508753781905397,0.0548779862001538,-1.4647532850503922
20260511_165052_870493,32,0.1745051172096282,0.1737927640322595,-4.931390619277954,0.0269097189884632,0.0300226062536239,-1.4605829119682312
20260511_165509_654748,33,0.1175503117963671,0.1182667191606015,-5.07561627626419,0.0520606422796845,0.0549571356968954,-1.4588659554719925
20260511_165509_654748,34,0.1563884659903124,0.1562722101807594,-5.231204628944397,0.0344097195193171,0.0354360484052449,-1.4862541109323502
20260511_165509_654748,35,0.0752799517009407,0.07769765118137,-5.34059134721756,0.0415610102936625,0.0438837716355919,-1.5038728713989258
20260511_172903_784848,35,0.1177046014461666,0.1213937233202159,-5.343928337097168,0.0380737879313528,0.0414865838829427,-1.486298605799675
20260511_173206_148919,36,0.1759882930666208,0.1773904374334961,-5.508467411994934,0.0370809643063694,0.0396471547428518,-1.535707339644432
20260511_173206_148919,37,0.1222996478201821,0.1217058195499703,-5.655511033535004,0.0429985128575935,0.0456423193681985,-1.570710405707359
20260511_173206_148919,38,0.1272883078781888,0.1288044151384383,-5.797158527374267,0.0285181065555661,0.0318371935281902,-1.6206951439380646
20260511_173206_148919,39,0.0827393794432282,0.0783682493958622,-5.900826132297516,0.0405822996981442,0.0433562456164509,-1.6334523111581802
20260511_174026_985617,40,0.2732751793693751,0.2734891201369464,-6.074707305431366,0.0395449148491025,0.0438842959702014,-1.6471958458423617
20260511_174026_985617,41,0.1761352960485965,0.1764399230945855,-6.187327218055725,0.0282361451536417,0.0295591105241328,-1.74943445622921
20260511_174026_985617,42,0.1322020284831523,0.1348482376895844,-6.33211807012558,0.0588665807154029,0.0624891575425863,-1.636981651186943
20260511_174026_985617,43,0.1562866640742868,0.1572187896817922,-6.428266334533691,0.0540757325943559,0.0586582592222839,-1.765178665518761
20260511_174847_396083,44,0.1880876378156245,0.1907791438512504,-6.616733849048615,0.0428554052487015,0.0453463748563081,-1.7663620561361313
20260511_174847_396083,45,0.1815721882041543,0.1811133845476433,-6.692909705638885,0.0499289198778569,0.0546408377122134,-1.770661577582359
20260511_175409_079406,46,0.2503154506441206,0.2514970602700487,-6.825057077407837,0.031193725997582,0.0327865376602858,-1.8052200227975843
20260511_175649_413793,46,0.1866329273907467,0.1924772550817579,-6.858996546268463,0.0498328527901321,0.0497437822632491,-1.8172348141670227
20260511_175649_413793,47,0.2219894653651863,0.2217597589362412,-6.970430946350097,0.0291740925749763,0.031656855600886,-1.8548622280359268
20260511_175649_413793,48,0.3029184482060373,0.3041910424362868,-7.1039116978645325,0.0244913821807131,0.0242451356025412,-1.89975680410862
20260511_180300_115614,49,0.3969114556908607,0.39898598990403117,-7.214436542987824,0.04606572026386857,0.04506922070868313,-1.916883260011673
