Run_ID,Run_Start_Episode,Resume_Checkpoint,Episode,Ind_Q1_Loss,Ind_Q2_Loss,Ind_Policy_Loss,Pop_Q1_Loss,Pop_Q2_Loss,Pop_Policy_Loss,Ind_Q_Target_Mean,Pop_Q_Target_Mean,Ind_Q_Target_Std,Pop_Q_Target_Std,Ind_Q1_Prediction_Mean,Pop_Q1_Prediction_Mean,Ind_Q2_Prediction_Mean,Pop_Q2_Prediction_Mean,Ind_Q1_TD_Abs_Mean,Pop_Q1_TD_Abs_Mean,Ind_Q2_TD_Abs_Mean,Pop_Q2_TD_Abs_Mean,Ind_Q1_TD_Abs_Max,Pop_Q1_TD_Abs_Max,Ind_Q2_TD_Abs_Max,Pop_Q2_TD_Abs_Max,Ind_Alpha,Pop_Alpha,Ind_Target_Entropy,Pop_Target_Entropy
20260521_173922_630259,0,2026_05_21_DesignCycle2_ep60,1,0.29761163890361786,0.3249971866607666,-2.740927652879195,0.18287166580557823,0.18293084343895316,-2.320511221885681,2.106081160632047,1.9807420074939728,0.6571691740642894,0.41919247061014175,2.0480450175025244,1.9636976718902588,2.0186620192094282,1.9806668609380722,0.3960877304727381,0.2820011395961046,0.4076893465085463,0.28449973464012146,1.54405339197679,1.2625300288200378,1.6168576695702293,1.257501482963562,0.0994028699668971,0.09955099504441023,-6.833333333333332,-6.833333333333333
20260521_173922_630259,0,2026_05_21_DesignCycle2_ep60,2,0.1798754185438156,0.19646278418162288,-2.685145279940437,0.11264325026422739,0.10851450636982918,-2.3443696200847626,2.0968736269894768,2.013956367969513,0.630231450585758,0.4077625200152397,2.1243015317355884,1.968223288655281,2.133734941482544,1.9487930834293365,0.30178304454859567,0.24649926647543907,0.3153180629014969,0.23762806691229343,1.189417235991534,1.0740548819303513,1.2686250279931461,1.0407353639602661,0.09801852878402262,0.09875957202166319,-6.666666666666667,-6.666666666666667
20260521_173922_630259,0,2026_05_21_DesignCycle2_ep60,3,0.19515891881151634,0.19802837632596493,-2.6462440382350576,0.10762169677764177,0.10157219599932432,-2.4985011518001556,2.124068406495181,2.0812718868255615,0.5978539572520689,0.3726220913231373,2.120097691362554,2.1465937346220016,2.117436159740795,2.1463604271411896,0.29244767197153787,0.24444874189794064,0.2896682301705534,0.23394133523106575,1.3939172300425442,0.8908415734767914,1.4319857196374373,0.8579227179288864,0.09612046520818364,0.09797718841582537,-6.5,-6.5
20260521_173922_630259,0,2026_05_21_DesignCycle2_ep60,4,0.1461700542271137,0.14410716369748117,-2.6336530590057374,0.0968174571171403,0.09312904998660088,-2.35745632648468,2.1546866416931154,2.1178144365549088,0.5548084390163421,0.39486832916736603,2.144509725570679,2.011948361992836,2.1486223554611206,2.043621301651001,0.27178881883621214,0.22769496217370033,0.2665624499320984,0.22297930158674717,1.0350341701507568,0.9967932254076004,1.0493389081954956,0.9744864255189896,0.09389850407838822,0.09720120020210743,-6.333333333333334,-6.333333333333333
20260521_173922_630259,0,2026_05_21_DesignCycle2_ep60,5,0.1227425792813301,0.1215860566496849,-2.697194299697876,0.13451973255723715,0.13020071107894182,-2.481705754995346,2.2521495246887206,2.0909305661916733,0.5513383448123932,0.41225698590278625,2.25547212600708,2.160978227853775,2.2553085803985597,2.1160714477300644,0.24356303930282594,0.22322489693760872,0.2408651226758957,0.22110087610781193,1.005314130783081,1.2151769548654556,1.0102684879302979,1.1814218610525131,0.09163200050592422,0.09643370192497969,-6.166666666666666,-6.166666666666667
20260521_173922_630259,0,2026_05_21_DesignCycle2_ep60,6,0.14798479348421098,0.14642762660980224,-2.7096273422241213,0.1113556525669992,0.10167711321264505,-2.4400474429130554,2.322812261581421,2.1527688205242157,0.55108034491539,0.40691085532307625,2.3094236278533935,2.0933769047260284,2.3099906921386717,2.1387983560562134,0.2648465204238892,0.2386689856648445,0.2616380614042282,0.2232605665922165,1.1867878723144532,1.017617478966713,1.1883384895324707,0.9816158264875412,0.08941160708665848,0.09567838907241821,-6.0,-6.0
20260521_173922_630259,0,2026_05_21_DesignCycle2_ep60,7,0.1402080699801445,0.1367991238832474,-2.7765688514709472,0.1115434905514121,0.11155177000910044,-2.486468255519867,2.4027988433837892,2.1329993307590485,0.5492910075187684,0.40478307753801346,2.384025897979736,2.1438220143318176,2.386013307571411,2.1309500634670258,0.267173547744751,0.2125885058194399,0.26200741112232206,0.20730295218527317,1.126078863143921,1.2067139744758606,1.1342848873138427,1.1974392384290695,0.08723529666662216,0.09493439085781574,-5.833333333333334,-5.833333333333333
20260521_173922_630259,0,2026_05_21_DesignCycle2_ep60,8,0.1090261286497116,0.10826783418655396,-2.821953687667847,0.15441774134524167,0.15549631719477475,-2.451599419116974,2.4552166843414307,2.1384505927562714,0.5285830080509186,0.48985027708113194,2.453758029937744,2.126010537147522,2.451454267501831,2.114114761352539,0.2413783848285675,0.2272568829357624,0.24058802783489228,0.22411288879811764,0.9031301546096802,1.3968487083911896,0.9125337982177735,1.3875702023506165,0.08513882637023926,0.09420242626219988,-5.666666666666666,-5.666666666666667
20260521_173922_630259,0,2026_05_21_DesignCycle2_ep60,9,0.15520651742815972,0.14970680877566336,-2.8664089393615724,0.14208773244172335,0.15353226894512773,-2.465053468942642,2.4972172451019286,2.141759902238846,0.5244983291625976,0.42195793613791466,2.4898651599884034,2.105675131082535,2.4929369354248045,2.110416665673256,0.252288276553154,0.25187849439680576,0.24620677649974823,0.25679242983460426,1.262433614730835,1.244940921664238,1.2353107213974,1.2798974961042404,0.08310788810253143,0.09348522685468197,-5.5,-5.5
20260521_173922_630259,0,2026_05_21_DesignCycle2_ep60,10,0.1431835748255253,0.14034554362297058,-2.9221654987335204,0.07712784456089139,0.08030708087608218,-2.644210398197174,2.567848310470581,2.197727382183075,0.5416299331188202,0.36797831393778324,2.5719622993469238,2.254344403743744,2.571338996887207,2.25138783454895,0.25895177721977236,0.20905336923897266,0.254384748339653,0.21514079347252846,1.2419057178497315,0.7465309053659439,1.222452039718628,0.752204105257988,0.08117288529872894,0.09277788642793894,-5.333333333333334,-5.333333333333334
20260521_173922_630259,0,2026_05_21_DesignCycle2_ep60,11,0.17128555744886398,0.17077950820326804,-2.912363805770874,0.15867513976991177,0.155757665168494,-2.4840382635593414,2.6090095806121827,2.1989597380161285,0.5140216785669327,0.435419537127018,2.5729402542114257,2.1162663102149963,2.570932559967041,2.1292814314365387,0.26795103788375857,0.2540871240198612,0.2721902072429657,0.2541458737105131,1.2417864274978638,1.417666882276535,1.2282592153549194,1.4098860174417496,0.07927135229110718,0.09208028949797153,-5.166666666666666,-5.166666666666667
20260521_173922_630259,0,2026_05_21_DesignCycle2_ep60,12,0.1470129084587097,0.1425201815366745,-3.0085896396636964,0.10245177336037159,0.09886150108650327,-2.646285057067871,2.662873544692993,2.2603217363357544,0.5161715698242187,0.42935653403401375,2.6791696166992187,2.2995303869247437,2.6818253898620608,2.284490704536438,0.2803092020750046,0.2249956727027893,0.2767301481962204,0.22058561816811562,1.1474986028671266,1.0204313099384308,1.1142904186248779,1.0073426365852356,0.07744496077299118,0.09140088967978954,-5.0,-5.0
20260521_173922_630259,0,2026_05_21_DesignCycle2_ep60,13,0.12732729002833365,0.12715389639139174,-3.0272358989715578,0.13200842821970582,0.12579952692613006,-2.614797204732895,2.7033647155761718,2.254630297422409,0.5035570466518402,0.4647919647395611,2.6905604457855223,2.269285649061203,2.6885099315643313,2.2783221900463104,0.23705867171287537,0.2410327661782503,0.23343383848667146,0.23254198767244816,1.0886616134643554,1.2771058529615402,1.0900001859664916,1.2781931310892105,0.07570327043533326,0.09074132796376944,-4.833333333333333,-4.833333333333333
20260521_173922_630259,0,2026_05_21_DesignCycle2_ep60,14,0.1297708684206009,0.133084277510643,-3.0386047649383543,0.06872774753719568,0.06830212473869324,-2.59708896279335,2.752813386917114,2.2883806824684143,0.5219443440437317,0.4005658030509949,2.746212921142578,2.2467138469219208,2.7439829540252685,2.2579837143421173,0.2394759476184845,0.19830469228327274,0.2408808583021164,0.19850147888064384,1.1111232471466064,0.6801624596118927,1.1289230060577393,0.6516323983669281,0.0740102469921112,0.09010104741901159,-4.666666666666666,-4.666666666666666
20260521_173922_630259,0,2026_05_21_DesignCycle2_ep60,15,0.1441052435338497,0.14340695813298227,-3.0922621154785155,0.13887239433825016,0.1354303015395999,-2.6318306028842926,2.789234790802002,2.306215316057205,0.5182142919301986,0.45194797962903976,2.7843543910980224,2.326458215713501,2.7855008029937744,2.302889496088028,0.23898352980613707,0.24482829496264458,0.23618471264839172,0.24632381089031696,1.1881284046173095,1.1499349474906921,1.1714488124847413,1.1233949661254883,0.07237815141677856,0.08947624359279871,-4.5,-4.5
20260521_173922_630259,0,2026_05_21_DesignCycle2_ep60,16,0.11973315253853797,0.1200258831679821,-3.0972001552581787,0.0966589623130858,0.08987531205639243,-2.6633248925209045,2.80053991317749,2.3268732130527496,0.5106740117073059,0.4048491418361664,2.789333600997925,2.318025082349777,2.7917803382873534,2.3318852484226227,0.21004357159137726,0.22167783416807652,0.21405004739761352,0.21016927435994148,1.1031232738494874,0.8733819127082825,1.1180339574813842,0.8611616343259811,0.07084987580776214,0.08885690197348595,-4.333333333333334,-4.333333333333334
20260521_173922_630259,0,2026_05_21_DesignCycle2_ep60,17,0.11969164684414864,0.12221813008189202,-3.1550842475891114,0.07715756073594093,0.07454704097472131,-2.6571188271045685,2.8702332019805907,2.346444547176361,0.46871476888656616,0.3883732818067074,2.8738745212554933,2.3121104538440704,2.8716038608551027,2.3271312713623047,0.2270990318059921,0.1980205662548542,0.23119961023330687,0.18809469230473042,1.1112103843688965,0.8310616761445999,1.1161941814422607,0.8430924117565155,0.06942223131656647,0.0882370425388217,-4.166666666666667,-4.166666666666667
20260521_173922_630259,0,2026_05_21_DesignCycle2_ep60,18,0.14144776687026023,0.14122049495577813,-3.1678095626831055,0.0928064719773829,0.09349376941099763,-2.745744824409485,2.919203224182129,2.3747135400772095,0.5101725530624389,0.40944896452128887,2.9145758724212647,2.388210743665695,2.9147527599334717,2.3744978606700897,0.2307143849134445,0.19296785071492195,0.22885486543178557,0.19798333570361137,1.1633326482772828,0.9778993725776672,1.1852286291122436,0.948402464389801,0.06799021542072296,0.08763103559613228,-4.0,-4.0
20260521_173922_630259,0,2026_05_21_DesignCycle2_ep60,19,0.14516156151890755,0.1440841808915138,-3.2031539916992187,0.07082554488442838,0.07283871760591865,-2.6988846361637115,2.951718263626099,2.381810337305069,0.5153396677970886,0.39764248579740524,2.9246610260009764,2.3627034723758698,2.927027759552002,2.36154443025589,0.2400429803133011,0.18860211595892906,0.23713983178138734,0.19209266640245914,1.158850736618042,0.8185315430164337,1.1657977485656739,0.8398797959089279,0.06656468480825424,0.08704900275915861,-3.833333333333333,-3.8333333333333335
20260521_173922_630259,0,2026_05_21_DesignCycle2_ep60,20,0.1375662612915039,0.1375379130244255,-3.3024556541442873,0.08559072762727737,0.08566310629248619,-2.780989110469818,3.0240087699890137,2.4350049793720245,0.5338496255874634,0.4004228487610817,3.0403735542297365,2.4350033700466156,3.0378095626831056,2.437326669692993,0.22799640715122224,0.2058686725795269,0.22752886950969697,0.2037894893437624,1.166703634262085,0.9617893695831299,1.1672848796844482,1.0025448501110077,0.06521957635879516,0.08647775929421186,-3.666666666666667,-3.666666666666667
20260521_173922_630259,0,2026_05_21_DesignCycle2_ep60,21,0.16666088834404946,0.1672677969932556,-3.3059832096099853,0.08591122971847653,0.08236050046980381,-2.7100425958633423,3.054843769073486,2.398429125547409,0.5368028795719146,0.40455130487680435,3.0574514389038088,2.3865770399570465,3.058927297592163,2.3893840610980988,0.24774506986141204,0.19456409476697445,0.246983904838562,0.19240142218768597,1.325880651473999,1.0079505145549774,1.3118512725830078,0.9803789854049683,0.06397508144378662,0.08591111842542887,-3.5,-3.5
20260521_173922_630259,0,2026_05_21_DesignCycle2_ep60,22,0.19619653537869453,0.19586069002747536,-3.279009199142456,0.13240450154989958,0.12661552941426635,-2.790366142988205,3.0601842403411865,2.452571928501129,0.5601818478107452,0.45321717113256454,3.0342927837371825,2.4653945863246918,3.0325370121002195,2.457789272069931,0.2625418037176132,0.22966118529438972,0.26373004376888276,0.22166910208761692,1.5168259811401368,1.206906035542488,1.5177670764923095,1.1980974674224854,0.06277806088328361,0.08535345271229744,-3.333333333333333,-3.3333333333333335
20260521_173922_630259,0,2026_05_21_DesignCycle2_ep60,23,0.14554061323404313,0.14528788045048713,-3.394737482070923,0.10575942602008581,0.10287170810624957,-2.754964977502823,3.146772708892822,2.4664857983589172,0.545945531129837,0.43566861003637314,3.155842008590698,2.4380062520504,3.156457042694092,2.444282829761505,0.23337186992168427,0.21716858074069023,0.23335406243801116,0.21578755602240562,1.2807028579711914,1.0832917094230652,1.282823724746704,1.0705290138721466,0.061632425040006635,0.08480160683393478,-3.166666666666667,-3.1666666666666665
20260521_173922_630259,0,2026_05_21_DesignCycle2_ep60,24,0.1515006020665169,0.1516171932220459,-3.417997875213623,0.10599128250032663,0.10716890962794423,-2.7890191972255707,3.179170484542847,2.482392519712448,0.5450999736785889,0.42700139805674553,3.175161809921265,2.47369521856308,3.177020034790039,2.475901424884796,0.2349952667951584,0.21926999650895596,0.23346767127513884,0.2209993414580822,1.1858406829833985,1.026705265045166,1.2183676910400392,1.044792264699936,0.060493447631597516,0.08425622899085283,-3.0,-3.0
20260521_173922_630259,0,2026_05_21_DesignCycle2_ep60,25,0.14197489738464356,0.14089909255504607,-3.405054588317871,0.1350705879740417,0.13424369739368558,-2.821269601583481,3.20477014541626,2.5071849822998047,0.5333449947834015,0.46631545200943947,3.1897249603271485,2.521638959646225,3.188880262374878,2.51552751660347,0.2197295171022415,0.21628090739250183,0.21782122373580934,0.2189584355801344,1.2509596157073974,1.2661674171686172,1.2460313796997071,1.2610292881727219,0.059375795125961306,0.08372894488275051,-2.833333333333333,-2.833333333333333
20260521_173922_630259,0,2026_05_21_DesignCycle2_ep60,26,0.14053060561418534,0.13948209822177887,-3.4912208271026612,0.11066904105246067,0.11075871996581554,-2.872495859861374,3.2492103481292727,2.5710301399230957,0.48614303827285765,0.4579741135239601,3.268548469543457,2.566966474056244,3.266092233657837,2.57231205701828,0.23769530415534973,0.222613288089633,0.2377960741519928,0.2260146141052246,1.1239455223083497,1.0105814933776855,1.1164932823181153,1.0100637376308441,0.05829652428627014,0.08321009296923876,-2.666666666666666,-2.666666666666666
20260521_173922_630259,0,2026_05_21_DesignCycle2_ep60,27,0.14188160203397274,0.15028017565608023,-3.4241308879852297,0.18355413060635328,0.18517802562564611,-2.8424864411354065,3.2622582149505615,2.540281116962433,0.502869313955307,0.5835810489952564,3.2244136047363283,2.530365824699402,3.2228235721588137,2.535360664129257,0.24636105835437774,0.2561540547758341,0.2599146646261215,0.2605995461344719,1.0635558032989503,1.6267657428979874,1.085059747695923,1.6329681873321533,0.05721101954579353,0.08270030096173286,-2.5,-2.5
20260521_173922_630259,0,2026_05_21_DesignCycle2_ep60,28,0.14533730931580066,0.14352482184767723,-3.494107370376587,0.12645429698750377,0.12966478057205677,-2.8895316421985626,3.292003993988037,2.585513085126877,0.5487936556339263,0.5222043134272099,3.2905293846130372,2.5818515717983246,3.293117780685425,2.5756480991840363,0.21921378642320632,0.22855594009160995,0.21574804484844207,0.23106750659644604,1.3353754329681395,1.2566902786493301,1.3206721687316894,1.2864526510238647,0.05617651045322418,0.0822063172236085,-2.333333333333333,-2.333333333333333
20260521_173922_630259,0,2026_05_21_DesignCycle2_ep60,29,0.10231306426227092,0.10370699316263199,-3.57635835647583,0.07388701243326068,0.07469149539247155,-2.893726170063019,3.3528826141357424,2.6163189709186554,0.5245584833621979,0.4213685318827629,3.350611572265625,2.6159773766994476,3.352072343826294,2.6122516095638275,0.21038895905017851,0.19843726605176926,0.20996463119983674,0.19820085354149342,1.0137512683868408,0.7895514667034149,1.0253686332702636,0.8089120835065842,0.055222555547952655,0.0817265473306179,-2.166666666666667,-2.166666666666667
20260521_173922_630259,0,2026_05_21_DesignCycle2_ep60,31,0.1540012779560956,0.18008424206213516,-3.535303982821378,0.0610262097325176,0.05981375649571419,-3.1698406636714935,3.1147549369118432,2.760231524705887,0.5782415189526298,0.39541224017739296,3.1483344598249956,2.727650970220566,3.1333560293371026,2.7338298857212067,0.2802482098340988,0.19843311794102192,0.30205530199137604,0.19920391216874123,1.0301037484949285,0.5514813363552094,1.1026197455146096,0.536939948797226,0.09940227459777486,0.09955131635069847,-6.833333333333332,-6.833333333333333
20260521_173922_630259,0,2026_05_21_DesignCycle2_ep60,32,0.10843441635370255,0.11777956104453872,-3.579678872052361,0.07932464266195893,0.07976978202350438,-3.2079245150089264,3.1588931223925423,2.7773567140102386,0.5425385166617,0.4087310992181301,3.1050557388978848,2.7724433541297913,3.1199189634884106,2.761668413877487,0.25208499677040996,0.1695220172405243,0.263366757070317,0.17519295401871204,0.8232437091715196,0.9334934949874878,0.8319413030848783,0.9198522567749023,0.09802846172276665,0.09875707887113094,-6.666666666666667,-6.666666666666667
20260521_173922_630259,0,2026_05_21_DesignCycle2_ep60,33,0.17419413866644556,0.16632197052240372,-3.5720415873961016,0.031513465102761984,0.03246025671251118,-3.2325524389743805,3.156537348573858,2.80621737241745,0.5664014315063303,0.3549337275326252,3.159667665308172,2.8176837265491486,3.1562649228356103,2.8133779764175415,0.23698175698518753,0.13708038721233606,0.22323407300493933,0.140161307528615,1.4157951420003718,0.4658445566892624,1.3956236514178189,0.46102024614810944,0.09615889022296126,0.09796854481101036,-6.5,-6.5
20260521_173922_630259,0,2026_05_21_DesignCycle2_ep60,34,0.11790474697947502,0.11823491856455803,-3.7240896129608156,0.0463798277778551,0.04954712092876434,-3.2500447034835815,3.2958260440826415,2.8360495269298553,0.5155304610729218,0.3728010654449463,3.2873946475982665,2.8241293132305145,3.287616786956787,2.8304826617240906,0.2149593299627304,0.12911516427993774,0.2157017731666565,0.135065495967865,0.9982741785049438,0.6192575097084045,1.000984365940094,0.6296900808811188,0.09392914175987244,0.09718986973166466,-6.333333333333334,-6.333333333333333
20260521_173922_630259,0,2026_05_21_DesignCycle2_ep60,35,0.07802125141024589,0.07761271685361862,-3.823776407241821,0.028045908198691905,0.030288063688203692,-3.3158958554267883,3.423462314605713,2.878761798143387,0.4968410301208496,0.41922474279999733,3.4218676471710205,2.88456529378891,3.4197231578826903,2.889881819486618,0.18820734143257142,0.1263474076986313,0.18604724764823913,0.13200051337480545,0.7594736957550049,0.4635932147502899,0.754037036895752,0.4654713571071625,0.0916533961892128,0.0964222326874733,-6.166666666666666,-6.166666666666667
20260521_173922_630259,0,2026_05_21_DesignCycle2_ep60,36,0.11248818717896938,0.11290373958647251,-3.9002496147155763,0.049926213920116425,0.048089285381138325,-3.311224788427353,3.51637469291687,2.8962865471839905,0.5145959973335266,0.40991033986210823,3.5121749877929687,2.892829477787018,3.513218584060669,2.8911600708961487,0.18639235377311705,0.1376985553652048,0.1873791003227234,0.13407027442008257,0.9522306728363037,0.7189484089612961,0.9439655303955078,0.691723182797432,0.08944362968206405,0.09566706512123346,-6.0,-6.0
20260521_173922_630259,0,2026_05_21_DesignCycle2_ep60,37,0.08435906633734704,0.08389812752604485,-3.9862162685394287,0.062329625710844994,0.06097115040756762,-3.33074814081192,3.5998008823394776,2.9136230051517487,0.4983178400993347,0.405773788690567,3.6003830242156982,2.908172369003296,3.598750505447388,2.9100116789340973,0.1945103043317795,0.1507766479626298,0.19220403343439102,0.14390411041676998,0.7704804706573486,0.8199532330036163,0.7796111106872559,0.8040001690387726,0.08729743957519531,0.09492275305092335,-5.833333333333334,-5.833333333333333
20260521_173922_630259,0,2026_05_21_DesignCycle2_ep60,38,0.09574571534991265,0.09584494203329086,-4.089630470275879,0.06696366390679032,0.06360986200161278,-3.3642334640026093,3.715469102859497,2.9519393146038055,0.5103855788707733,0.42886875569820404,3.71418984413147,2.9384668171405792,3.7159781455993652,2.9358832240104675,0.20839108169078827,0.15627466514706612,0.20873441100120543,0.15211647283285856,0.8400888347625732,0.8060321882367134,0.8466433906555175,0.790511853992939,0.08521618455648422,0.09419269487261772,-5.666666666666666,-5.666666666666667
20260521_173922_630259,0,2026_05_21_DesignCycle2_ep60,39,0.17885898500680925,0.1694633613526821,-4.17413438796997,0.06466265860944986,0.061905862763524055,-3.4120698273181915,3.820272054672241,3.0011923611164093,0.5514779555797577,0.4275294318795204,3.795730791091919,3.0114434957504272,3.801268367767334,3.0131475031375885,0.23115068912506104,0.16538493521511555,0.21841209173202514,0.1579099977388978,1.3697708892822265,0.8048863410949707,1.3448244380950927,0.7853462398052216,0.08322120636701584,0.09347438346594572,-5.5,-5.5
20260521_173922_630259,0,2026_05_21_DesignCycle2_ep60,40,0.15415981844067572,0.15398366689682008,-4.243680019378662,0.05038776551373303,0.04556489479728043,-3.4461847245693207,3.8836473560333253,3.0269695222377777,0.5446122407913208,0.36092883720993996,3.8822905158996583,3.0364952385425568,3.8799241542816163,3.0325311422348022,0.21545022666454317,0.1699732905253768,0.21889600336551665,0.16106122266501188,1.2368714237213134,0.5867612659931183,1.24161545753479,0.5671464949846268,0.08130464434623719,0.09276630077511072,-5.333333333333334,-5.333333333333334
20260521_173922_630259,0,2026_05_21_DesignCycle2_ep60,41,0.16980823434889317,0.17186540022492408,-4.299335279464722,0.03978758375160396,0.03685557865537703,-3.4576512277126312,3.9593032073974608,3.0629703998565674,0.5603241741657257,0.35743337497115135,3.95476469039917,3.053691029548645,3.952267789840698,3.0548210740089417,0.22159449338912965,0.15973874647170305,0.2236735153198242,0.15140774194151163,1.2729655075073243,0.48188042640686035,1.260107011795044,0.48618853092193604,0.0794186794757843,0.09207044448703527,-5.166666666666666,-5.166666666666667
20260521_173922_630259,0,2026_05_21_DesignCycle2_ep60,42,0.17850066356360914,0.1756320443749428,-4.32673264503479,0.03878104221075773,0.03273202502168715,-3.5126217901706696,3.9844417572021484,3.127081513404846,0.5467490470409393,0.37483425810933113,3.9838340950012205,3.1104227900505066,3.98440673828125,3.1136092841625214,0.23198902666568755,0.1484540682286024,0.22676925420761107,0.13724461663514376,1.2997550010681151,0.5726004540920258,1.2892877769470215,0.5025954842567444,0.07761580377817154,0.0913848141208291,-5.0,-5.0
20260521_173922_630259,0,2026_05_21_DesignCycle2_ep60,43,0.2169463700056076,0.2132572914659977,-4.357536029815674,0.03162452043034136,0.03202558378688991,-3.5282391607761383,4.064963684082032,3.1571944653987885,0.5762281787395477,0.36446209996938705,4.053969011306763,3.1406028270721436,4.054764633178711,3.1429922580718994,0.25004278004169467,0.13981591537594795,0.24473468542099,0.14058864302933216,1.4831117057800294,0.4265464246273041,1.4852553462982179,0.4567863345146179,0.07585609942674637,0.09070868324488401,-4.833333333333333,-4.833333333333333
20260521_173922_630259,0,2026_05_21_DesignCycle2_ep60,44,0.1932707694172859,0.20030100032687187,-4.446757831573486,0.14152135560289025,0.15088446461595595,-3.502857208251953,4.148673629760742,3.087207168340683,0.5346534121036529,0.5187308974564075,4.135776977539063,3.0932294726371765,4.134209003448486,3.0956166982650757,0.25133546471595763,0.1866809017956257,0.2570738446712494,0.1911611994728446,1.3710403156280517,1.1517353057861328,1.38471284866333,1.1732169389724731,0.0741616827249527,0.09004440624266863,-4.666666666666666,-4.666666666666666
20260521_173922_630259,0,2026_05_21_DesignCycle2_ep60,45,0.12552107512950897,0.13379363790154458,-4.569093551635742,0.03319239744450897,0.03508324478752911,-3.5374182760715485,4.257618637084961,3.1458835899829865,0.5182087433338165,0.397614311426878,4.253804950714112,3.145827054977417,4.2529075145721436,3.14681139588356,0.21994922995567323,0.13850944582372904,0.23572733342647553,0.14634972158819437,1.0165829944610596,0.5069509148597717,1.0370951080322266,0.4831751435995102,0.07251723349094391,0.08939369395375252,-4.5,-4.5
20260521_173922_630259,0,2026_05_21_DesignCycle2_ep60,46,0.1673260125517845,0.17152576506137848,-4.6731819152832035,0.030335387215018272,0.031216327799484134,-3.6349030137062073,4.364432716369629,3.2477219700813293,0.5399469268321991,0.401206374168396,4.3734735488891605,3.2488346695899963,4.374004039764404,3.244614392518997,0.22031759977340698,0.13737409189343452,0.2222729343175888,0.1400326043367386,1.2349202680587767,0.4665774703025818,1.2584063339233398,0.45855942368507385,0.07094331622123719,0.08875562809407711,-4.333333333333334,-4.333333333333334
20260521_173922_630259,0,2026_05_21_DesignCycle2_ep60,47,0.0610105799883604,0.06316661812365056,-4.74135118484497,0.11039262008853257,0.11270357738249004,-3.63323113322258,4.4633630180358885,3.254630893468857,0.44818651080131533,0.4633954279124737,4.4546731758117675,3.2724601328372955,4.454305400848389,3.275541365146637,0.1654515290260315,0.1745557328686118,0.16841808199882508,0.17516955826431513,0.6680333995819092,1.1528341174125671,0.6676136970520019,1.1855561137199402,0.06941481053829193,0.0881257550790906,-4.166666666666667,-4.166666666666667
20260521_173922_630259,0,2026_05_21_DesignCycle2_ep60,48,0.2299984834343195,0.23708479158580303,-4.760839023590088,0.04889571201056242,0.05411149328574538,-3.6234420835971832,4.484885768890381,3.268215596675873,0.5829109406471252,0.4180898107588291,4.479028282165527,3.2452740371227264,4.479443073272705,3.241467833518982,0.21823445111513137,0.1661482434719801,0.22257188498973846,0.18010304309427738,1.6144929695129395,0.6258492022752762,1.6373888874053955,0.6255548000335693,0.0679481291770935,0.08750848937779665,-4.0,-4.0
20260521_173922_630259,0,2026_05_21_DesignCycle2_ep60,49,0.16118936657905578,0.16517201349139213,-4.8939042663574215,0.10407560085877776,0.10590382176451385,-3.628802537918091,4.597639503479004,3.250647097826004,0.5107094955444336,0.46525029465556145,4.60928409576416,3.2507545053958893,4.60884578704834,3.250092625617981,0.21479634284973145,0.15864694397896528,0.22244393348693847,0.16348868794739246,1.2288111305236817,1.162094384431839,1.2416314506530761,1.1868329346179962,0.06655537575483322,0.08690865151584148,-3.833333333333333,-3.8333333333333335
20260521_173922_630259,0,2026_05_21_DesignCycle2_ep60,50,0.11612518340349197,0.1085569427907467,-4.8759684562683105,0.1541511113755405,0.15210387553088367,-3.642481952905655,4.642495937347412,3.3019888401031494,0.5024452209472656,0.4750172607600689,4.618655338287353,3.273178458213806,4.623086795806885,3.2776601314544678,0.2231360787153244,0.181876078248024,0.21068878650665282,0.1838598158210516,0.8517231655120849,1.3314715921878815,0.8292245292663574,1.3200300633907318,0.06522005945444107,0.08632001373916864,-3.666666666666667,-3.666666666666667
20260521_173922_630259,0,2026_05_21_DesignCycle2_ep60,51,0.08315237022936345,0.08605144813656807,-4.97538948059082,0.11457636673003435,0.1165943774394691,-3.7085265815258026,4.717683258056641,3.348984807729721,0.4958086836338043,0.5088738016784191,4.713704013824463,3.3438306152820587,4.707393493652344,3.3413017988204956,0.1664570054411888,0.18742916360497475,0.17181036442518235,0.19163735583424568,0.8184821796417237,1.2342046201229095,0.8468699550628662,1.2489224076271057,0.06386730760335922,0.0857386477291584,-3.5,-3.5
20260521_173922_630259,0,2026_05_21_DesignCycle2_ep60,52,0.20989107377827168,0.20742688558995723,-5.060927066802979,0.041701408103108406,0.040940154576674104,-3.7963256239891052,4.796397571563721,3.4390038549900055,0.5841008651256562,0.39262349903583527,4.800027828216553,3.4382842779159546,4.800344371795655,3.437177538871765,0.221025772690773,0.15525146387517452,0.21902016997337342,0.15388740599155426,1.487003698348999,0.49344712495803833,1.487673854827881,0.5005548894405365,0.06257069513201713,0.08516553603112698,-3.333333333333333,-3.3333333333333335
20260521_173922_630259,0,2026_05_21_DesignCycle2_ep60,53,0.14792727500200273,0.15101733043789864,-5.086739158630371,0.07314877328462899,0.07554743927903473,-3.790720283985138,4.8418012046813965,3.4502525627613068,0.5312969923019409,0.41347871348261833,4.832423553466797,3.451282113790512,4.835316944122314,3.455470472574234,0.20900776207447053,0.1544869150966406,0.21128692269325255,0.15684975311160088,1.1106569862365723,0.8217267394065857,1.1175597667694093,0.8208003342151642,0.06134337991476059,0.0846014404669404,-3.166666666666667,-3.1666666666666665
20260521_173922_630259,0,2026_05_21_DesignCycle2_ep60,54,0.1851696117222309,0.1855473318696022,-5.1758883094787596,0.12261873856186867,0.1256931519601494,-3.7662665843963623,4.939539375305176,3.42331200838089,0.5353742301464081,0.4674961678683758,4.928257865905762,3.4166196286678314,4.929524364471436,3.414244920015335,0.22259820997714996,0.16750567499548197,0.21914740204811095,0.17141682095825672,1.1141131258010863,1.1621699929237366,1.1279858350753784,1.1834517419338226,0.060124565213918686,0.08405118435621262,-3.0,-3.0
20260521_173922_630259,0,2026_05_21_DesignCycle2_ep60,55,0.14570880882441997,0.141796253323555,-5.2502326393127445,0.11427842127159238,0.11413739365525544,-3.8150843381881714,4.995200309753418,3.4596744179725647,0.535316504240036,0.4467083476483822,5.003983631134033,3.4573032557964325,5.002329292297364,3.4538415670394897,0.20041012287139892,0.19857900124043226,0.19104349374771118,0.1993130836635828,1.1160119247436524,0.997490793466568,1.1042727375030517,0.9951730966567993,0.05892595946788788,0.08351440355181694,-2.833333333333333,-2.833333333333333
20260521_173922_630259,0,2026_05_21_DesignCycle2_ep60,56,0.1819450981914997,0.18140659242868423,-5.280706043243408,0.050696761114522815,0.04968746891245246,-3.8341104686260223,5.059402313232422,3.4853315949440002,0.5540531766414643,0.3897324576973915,5.039394397735595,3.4915595650672913,5.041712837219238,3.49003204703331,0.22144310116767885,0.17063146457076073,0.21826922059059142,0.16597367450594902,1.2613952255249024,0.6355994194746017,1.2642242050170898,0.6611800342798233,0.057830840051174164,0.08298909198492765,-2.666666666666666,-2.666666666666666
20260521_173922_630259,0,2026_05_21_DesignCycle2_ep60,57,0.2021113234758377,0.20435446351766587,-5.391858539581299,0.17870889604091644,0.17847032519057393,-3.8881056904792786,5.14598539352417,3.5374553203582764,0.5467549395561219,0.45712002366781235,5.159636936187744,3.5435154736042023,5.1557990837097165,3.549437075853348,0.2486741191148758,0.2545164879411459,0.24976310551166533,0.2504962682723999,1.332038688659668,1.0186662077903748,1.3493091011047362,1.010181039571762,0.05679335698485374,0.08247344475239515,-2.5,-2.5
20260521_173922_630259,0,2026_05_21_DesignCycle2_ep60,58,0.2286052630096674,0.2361996967345476,-5.382291469573975,0.08889570459723473,0.08693501236848533,-3.850373864173889,5.165993251800537,3.5495208501815796,0.5701132845878601,0.43356742337346077,5.1620556831359865,3.5201267302036285,5.162856578826904,3.5165035128593445,0.21447294294834138,0.1943784337490797,0.21635050237178802,0.18699154816567898,1.3930837249755859,0.8445941209793091,1.4264996337890625,0.8285274803638458,0.05579989105463028,0.08196683786809444,-2.333333333333333,-2.333333333333333
20260521_173922_630259,0,2026_05_21_DesignCycle2_ep60,59,0.2469176621735096,0.249245618134737,-5.469731044769287,0.15040125511586666,0.15251432405784726,-3.8534740209579468,5.256184196472168,3.5392245948314667,0.5658654820919037,0.5550738535821438,5.2532969665527345,3.503654718399048,5.256179466247558,3.5079420506954193,0.2619917547702789,0.18855172209441662,0.26818755745887757,0.1933437455445528,1.4385182094573974,1.5470219254493713,1.4284831809997558,1.5546458065509796,0.054819871932268144,0.08146904222667217,-2.166666666666667,-2.166666666666667
