Episode,Ind_Q1_Loss,Ind_Q2_Loss,Ind_Policy_Loss,Pop_Q1_Loss,Pop_Q2_Loss,Pop_Policy_Loss
1,0.09600879,0.09605584,-4.613568,0,0,0
2,0.05994185,0.059409887,-4.732355,0,0,0
3,0.06434134,0.064827785,-4.522402,0,0,0
4,0.051445138,0.050651465,-4.612835,0,0,0
5,0.056999676,0.05245258,-1.9046698,0,0,0
6,0.030301265,0.029859064,-2.6348674,0,0,0
7,0.03576059,0.035272963,-2.9852648,0,0,0
8,0.04438893,0.04446005,-2.5830846,0,0,0
9,0.022311952,0.02294021,-1.4870275,0,0,0
10,0.033053726,0.0337622,-1.3492202,0,0,0
11,0.021180436,0.019978914,-0.43502492,0,0,0
12,0.022074707,0.022845108,-0.25715092,0,0,0
13,0.032774225,0.034985635,-0.0024596155,0,0,0
14,0.023614293,0.025716675,-1.2813793,0,0,0
15,0.024896946,0.024650628,1.0409303,0,0,0
16,0.021216678,0.020504465,0.29305652,0,0,0
17,0.016263636,0.016343947,0.54266685,0,0,0
18,0.015642084,0.017051294,0.36750513,0,0,0
19,0.010269058,0.011380838,0.47034734,0,0,0
20,0.016546154,0.015319756,-0.3990039,0,0,0
21,0.013480854,0.013092877,-0.532461,0,0,0
22,0.025179654,0.023477029,-0.17903881,0,0,0
23,0.022016661,0.024247793,-0.63996786,0,0,0
24,0.009267836,0.009914619,-0.40836412,0,0,0
25,0.010396748,0.0105943205,0.3566584,0,0,0
26,0.016735747,0.014460809,0.4663248,0,0,0
27,0.023852458,0.023945056,0.21144104,0,0,0
28,0.02464862,0.024441192,-0.71561974,0,0,0
29,0.023959816,0.025203442,-0.24497597,0,0,0
30,0.012855644,0.012189304,-0.2765091,0,0,0
31,0.0073056677,0.007126961,-0.40913454,0,0,0
