Run_ID,Run_Start_Episode,Resume_Checkpoint,Episode,Ind_Q1_Loss,Ind_Q2_Loss,Ind_Policy_Loss,Pop_Q1_Loss,Pop_Q2_Loss,Pop_Policy_Loss,Ind_Q_Target_Mean,Pop_Q_Target_Mean,Ind_Q_Target_Std,Pop_Q_Target_Std,Ind_Q1_Prediction_Mean,Pop_Q1_Prediction_Mean,Ind_Q2_Prediction_Mean,Pop_Q2_Prediction_Mean,Ind_Q1_TD_Abs_Mean,Pop_Q1_TD_Abs_Mean,Ind_Q2_TD_Abs_Mean,Pop_Q2_TD_Abs_Mean,Ind_Q1_TD_Abs_Max,Pop_Q1_TD_Abs_Max,Ind_Q2_TD_Abs_Max,Pop_Q2_TD_Abs_Max,Ind_Alpha,Pop_Alpha,Ind_Target_Entropy,Pop_Target_Entropy
20260522_131931_977039,0,,1,0.7344732880592346,0.7335951707579873,-0.5555845444852655,0.6961401179432869,0.6955226548016071,-0.5197425670921803,0.36586046896197577,0.3013707548379898,0.7953295274214311,0.7802535891532898,0.09027882182404441,0.04785515525691153,0.08488865279518491,0.04269666429445351,0.7543907815759833,0.7187784239649773,0.7528859160163186,0.7174094021320343,1.4275246099992231,1.4675851911306381,1.4306410984559492,1.4712101817131042,0.09940216961232098,0.09955129865556955,-6.833333333333332,-6.833333333333333
20260522_131931_977039,0,,2,0.5272432197542751,0.5135754031293532,-1.0223026100326986,0.5620080679655075,0.553750142455101,-0.6970337107777596,0.29330699277274747,0.19014691282063723,0.8186411331681644,0.7777876183390617,0.4447995143778184,0.22718857415020466,0.4570591870476218,0.2371891774237156,0.6421579578343559,0.6817738935351372,0.6339540008236381,0.6768464148044586,1.1732428915360396,1.2408306896686554,1.165589823442347,1.2347418069839478,0.09802562261328977,0.09875928238034248,-6.666666666666667,-6.666666666666667
20260522_131931_977039,0,,3,0.6875482269308784,0.697108423168009,-0.4476777951825749,0.44573284313082695,0.4510299377143383,-0.8768540248274803,0.21583989736708728,0.3121130932122469,0.732433018359271,0.7243217378854752,0.011566827370023186,0.4472280368208885,-0.005269249499013478,0.4483666494488716,0.6929846758192236,0.581033818423748,0.6952568211338737,0.5840170904994011,1.576497343453494,1.254549816250801,1.5934143391522495,1.326900526881218,0.09625444967638362,0.0979778915643692,-6.5,-6.5
20260522_131931_977039,0,,4,0.6505886232852935,0.5736431682109833,-0.5000200009346009,0.495308231562376,0.5032467991113663,-0.7769540548324585,0.3660397920012474,0.33759497106075287,0.7408030128479004,0.7979442253708839,0.07612546134740114,0.29776847176253796,0.14813914578408002,0.27734531089663506,0.6882697248458862,0.6166650578379631,0.6426263678073884,0.6250130161643028,1.4007249641418458,1.3966002315282822,1.3707555198669434,1.374027594923973,0.09404161274433136,0.09722398594021797,-6.333333333333334,-6.333333333333333
20260522_131931_977039,0,,5,0.46348231196403505,0.38179426789283755,-0.8025661206245422,0.5050180852413177,0.5204552859067917,-1.089628241956234,0.26963911145925523,0.17233741434756666,0.7561644124984741,0.7725696563720703,0.36022307455539704,0.47780637443065643,0.3696700268983841,0.4905311744660139,0.5994324839115143,0.599431686103344,0.5362702226638794,0.6037546917796135,1.1920328044891357,1.397110901772976,1.2376263070106506,1.4110802859067917,0.0917025038599968,0.09649695456027985,-6.166666666666666,-6.166666666666667
20260522_131931_977039,0,,6,0.2889056921005249,0.2583148056268692,-1.0799556875228882,0.5193289741873741,0.5282984115183353,-0.5241329856216908,0.2669008558988571,0.31787137454375625,0.7579114246368408,0.7392129972577095,0.277710193246603,0.06490179896354675,0.24161721762269736,0.04460611337708542,0.435037716627121,0.6051685139536858,0.4032963013648987,0.6041269898414612,1.2122426009178162,1.461210086941719,1.173066008090973,1.4749762564897537,0.08966883957386017,0.09580897632986307,-6.0,-6.0
20260522_131931_977039,0,,7,0.262070979475975,0.26043281972408294,-1.0223465466499329,0.33192733488976955,0.34600173123180866,-0.8080311343073845,0.3405061939358711,0.42419557832181454,0.7081966257095337,0.6868124753236771,0.32338238030672073,0.4081624187529087,0.3375039139389992,0.3166185664013028,0.4129201376438141,0.47956883907318115,0.4102774167060852,0.4901454485952854,1.1459627985954284,1.1899365708231926,1.1501195430755615,1.243563823401928,0.08780167579650879,0.09510100819170475,-5.833333333333334,-5.833333333333333
20260522_131931_977039,0,,8,0.2227088749408722,0.21589840829372406,-1.1079851508140564,0.35691156052052975,0.36583400145173073,-1.0217834487557411,0.47189858198165896,0.1528077800758183,0.6523649024963379,0.6669974699616432,0.46280981600284576,0.4379541575908661,0.46381267845630647,0.46296695177443326,0.37252774715423587,0.4942392408847809,0.36689491987228395,0.5009843893349171,1.1950445985794067,1.2416189014911652,1.1931002974510192,1.2379814237356186,0.08589001387357711,0.09438897389918566,-5.666666666666666,-5.666666666666667
20260522_131931_977039,0,,9,0.2156334799528122,0.20957180976867676,-1.1816993570327758,0.38083117455244064,0.3566716443747282,-0.5571163669228554,0.5563723683357239,0.41713835671544075,0.6500624299049378,0.6163750179111958,0.5431034779548645,0.06619612127542496,0.5455321145057678,0.07846541237086058,0.36173929810523986,0.48961594700813293,0.3570394515991211,0.47203418239951134,1.1109397411346436,1.3090449422597885,1.097660789489746,1.2586024105548859,0.0840179005265236,0.09373961202800274,-5.5,-5.5
20260522_131931_977039,0,,10,0.19112690955400466,0.1868359225988388,-1.262578706741333,0.28845861554145813,0.2936765979975462,-0.7576430290937424,0.6379407858848571,0.4132577143609524,0.6016635727882386,0.6301615834236145,0.6201112914085388,0.2736573498696089,0.6208816659450531,0.25911943102255464,0.3344671511650085,0.4238487556576729,0.3303037941455841,0.42870407551527023,1.03806303024292,1.1731805205345154,1.0300747323036195,1.1689313799142838,0.08218620270490647,0.09307322651147842,-5.333333333333334,-5.333333333333334
20260522_131931_977039,0,,11,0.17840397894382476,0.17341511875391005,-1.318998293876648,0.2584346607327461,0.25281805358827114,-1.0266243740916252,0.7567473459243774,0.36915652826428413,0.588855117559433,0.5903736688196659,0.7530789589881897,0.5113636441528797,0.7511931872367859,0.5035326555371284,0.33192219972610476,0.40092848241329193,0.32675206899642945,0.3978472948074341,1.0209922790527344,1.23081586509943,1.0067530488967895,1.200511783361435,0.08035756856203079,0.09239562507718801,-5.166666666666666,-5.166666666666667
20260522_131931_977039,0,,12,0.1807283091545105,0.17784349441528322,-1.3953649520874023,0.24039103090763092,0.2412930279970169,-0.8212157189846039,0.7850653290748596,0.36950208246707916,0.5882979047298431,0.6464302614331245,0.7780431461334228,0.28098028525710106,0.7769939398765564,0.305044487118721,0.3198204147815704,0.3935639038681984,0.31713589012622834,0.3931909576058388,1.0451119041442871,1.144030824303627,1.0352068781852721,1.1448941975831985,0.07855143964290619,0.0917504234239459,-5.0,-5.0
20260522_131931_977039,0,,13,0.17800780564546584,0.179030921459198,-1.4509760427474976,0.2166980728507042,0.21661272272467613,-0.9436690807342529,0.9040858626365662,0.4502243883907795,0.5766712868213654,0.5711983256042004,0.892143976688385,0.39410268515348434,0.8882386541366577,0.3851686120033264,0.32451857209205626,0.36713002622127533,0.32564403653144836,0.37066198885440826,1.066750259399414,1.1023884490132332,1.0796181893348693,1.0686722844839096,0.07688163995742797,0.09111023880541325,-4.833333333333333,-4.833333333333333
20260522_131931_977039,0,,14,0.14383769720792772,0.14442403972148896,-1.5363108110427857,0.22514437697827816,0.2256616149097681,-0.9556183442473412,0.970129292011261,0.3609720105305314,0.5252651226520538,0.5667047277092934,0.9499903225898743,0.43688211031258106,0.9472300577163696,0.4353259727358818,0.2965369129180908,0.3630427271127701,0.2981425005197525,0.36637166887521744,0.9463149404525757,1.1243567168712616,0.9271767830848694,1.130635753273964,0.07527435004711151,0.09047834854573011,-4.666666666666666,-4.666666666666666
20260522_131931_977039,0,,15,0.1517838153243065,0.14895231366157533,-1.5778532600402833,0.19175439234822989,0.19335137773305178,-0.845501221716404,1.0711871075630188,0.46583520621061325,0.5194908189773559,0.5333736054599285,1.0532700443267822,0.30915964394807816,1.0507514238357545,0.3173703420907259,0.29603804171085357,0.33862828463315964,0.29461463570594787,0.3392758294939995,1.0397432017326356,1.1020112186670303,1.0355854511260987,1.102229967713356,0.07376170694828034,0.08987325429916382,-4.5,-4.5
20260522_131931_977039,0,,16,0.13811445415019988,0.13434089660644533,-1.6625693702697755,0.1760740578174591,0.18180637434124947,-1.1001909375190735,1.1788543415069581,0.5409775674343109,0.4973580825328827,0.5547042824327946,1.165732433795929,0.5676531530916691,1.163988184928894,0.5543843358755112,0.2824160116910934,0.3367958664894104,0.2797567087411881,0.3429679796099663,1.013199462890625,1.0150289759039879,0.9973730278015137,1.0452781841158867,0.0722671988606453,0.08926062937825918,-4.333333333333334,-4.333333333333334
20260522_131931_977039,0,,17,0.12817510694265366,0.1270207318663597,-1.7703728866577149,0.17238020338118076,0.1799105666577816,-1.0225852653384209,1.3138928890228272,0.49242236465215683,0.49316091179847715,0.5196553319692612,1.3115465974807738,0.5169979222118855,1.3118224382400512,0.521064318716526,0.27478854835033417,0.32421811297535896,0.27367061614990235,0.3302370198071003,0.8888322353363037,1.1148795112967491,0.880004301071167,1.1460998356342316,0.07077404230833054,0.08865568786859512,-4.166666666666667,-4.166666666666667
20260522_131931_977039,0,,18,0.12968440920114518,0.1256903526186943,-1.7879016923904418,0.16839100420475006,0.17009525001049042,-0.9223655536770821,1.3614559888839721,0.5298660062253475,0.518007435798645,0.4886449798941612,1.3557000398635863,0.4484366215765476,1.348696928024292,0.4436671994626522,0.26833147764205934,0.31834982335567474,0.26551891446113585,0.32211779430508614,0.9883036112785339,0.9797099977731705,0.9585771989822388,0.9625388011336327,0.06934950202703476,0.08807539287954569,-4.0,-4.0
20260522_131931_977039,0,,19,0.15867994487285614,0.15518202245235443,-1.8653597593307496,0.2057867106050253,0.2109009549021721,-1.0440123975276947,1.4725273275375366,0.528844628483057,0.4974352586269379,0.532048087567091,1.435318913459778,0.5666020512580872,1.4474456787109375,0.562617152929306,0.29319492876529696,0.3440346196293831,0.2914417988061905,0.3485044278204441,1.020879452228546,1.145021915435791,1.01447190284729,1.154979482293129,0.06794307082891464,0.08749748673290014,-3.833333333333333,-3.8333333333333335
20260522_131931_977039,0,,20,0.13816666454076768,0.12808763191103936,-1.8447624111175538,0.14338540006428957,0.14861971698701382,-0.9991793781518936,1.502904200553894,0.6078518256545067,0.452572420835495,0.4929055795073509,1.49466637134552,0.5651932545006275,1.4961021423339844,0.565880723297596,0.2838224571943283,0.27708224579691887,0.2707013243436813,0.28240739554166794,0.9723936462402344,0.9843385145068169,0.9321862053871155,1.0002362132072449,0.06655804395675659,0.08693502936512232,-3.666666666666667,-3.666666666666667
20260522_131931_977039,0,,21,0.1350751680135727,0.135049407184124,-1.9823119401931764,0.14643545355647802,0.15221847221255302,-1.0890369266271591,1.613749499320984,0.6003323793411255,0.4868658089637756,0.4687354229390621,1.6142923879623412,0.6427659466862679,1.61326904296875,0.6413437575101852,0.26258028209209444,0.2891591303050518,0.2608676832914352,0.2952266577631235,1.0913003087043762,0.9705404862761497,1.0967969751358033,0.9715155512094498,0.06518166273832321,0.08637135103344917,-3.5,-3.5
20260522_131931_977039,0,,22,0.14228805989027024,0.13955916374921798,-2.0255439710617065,0.15184100344777107,0.1563885658979416,-0.9442399889230728,1.6487670278549194,0.585943803191185,0.48199388265609744,0.4835423640906811,1.6489278173446655,0.5147796534001827,1.6420562028884889,0.5119198150932789,0.26685844600200653,0.29397081211209297,0.2662267047166824,0.2952290065586567,1.1236563062667846,0.986712321639061,1.113596086502075,0.9927045628428459,0.06385493785142898,0.0858162771910429,-3.333333333333333,-3.3333333333333335
20260522_131931_977039,0,,23,0.13888183057308198,0.13875021129846574,-2.064627170562744,0.1479338239878416,0.15173107665032148,-1.1553971022367477,1.7312344264984132,0.6468222513794899,0.4969547712802887,0.45230288058519363,1.7162493991851806,0.6950406208634377,1.7222245836257934,0.6954864785075188,0.26419624030590055,0.2933170832693577,0.26553766310215,0.2975456044077873,1.1329673671722411,1.0613856688141823,1.1151318359375,1.0628232955932617,0.0625797951221466,0.08526935055851936,-3.166666666666667,-3.1666666666666665
20260522_131931_977039,0,,24,0.12502202093601228,0.12344267532229423,-2.1319091749191283,0.14149082219228148,0.14819977432489395,-0.9938920810818672,1.8199188375473023,0.6229035407304764,0.4949055278301239,0.4728878103196621,1.8176101732254029,0.578327938914299,1.8171722507476806,0.5722077265381813,0.2555972909927368,0.29362537525594234,0.2506286138296127,0.3027039300650358,1.0236189317703248,0.9633064791560173,1.0346453452110291,0.9689685329794884,0.06137036442756653,0.08473939821124077,-3.0,-3.0
20260522_131931_977039,0,,25,0.12251866653561592,0.12102874144911765,-2.216997332572937,0.10687256138771772,0.1134757474064827,-1.1050966680049896,1.879554705619812,0.6962426453828812,0.500710837841034,0.4419541209936142,1.8753938722610473,0.701776385307312,1.8755364036560058,0.7007960975170135,0.2524057728052139,0.24975480698049068,0.25076407253742217,0.25562603399157524,0.9496525311470032,0.8692043498158455,0.9526502060890197,0.8975202441215515,0.06020689904689789,0.08423776738345623,-2.833333333333333,-2.833333333333333
20260522_131931_977039,0,,26,0.12380539312958717,0.12433201596140861,-2.2661824321746824,0.12721098493784666,0.127583849709481,-1.0587020739912987,1.9318193101882934,0.6663303226232529,0.526458854675293,0.4448181763291359,1.9431690645217896,0.6589976400136948,1.943342785835266,0.6624412387609482,0.24478283405303955,0.2761166673153639,0.2432449132204056,0.27733005210757256,1.0341107368469238,0.9085365310311317,1.0339110803604126,0.8880958706140518,0.059101345241069796,0.08373489696532488,-2.666666666666666,-2.666666666666666
20260522_131931_977039,0,,27,0.12776118651032448,0.12927723214030265,-2.2940251350402834,0.1437924988567829,0.14482118841260672,-1.1145147383213043,1.962304768562317,0.6957291886210442,0.5235279548168182,0.4441559910774231,1.9478516960144043,0.7098557576537132,1.9458200454711914,0.7067655771970749,0.261084623336792,0.2797967903316021,0.2637413865327835,0.27913040667772293,1.0185919523239135,1.043215848505497,1.0134889030456542,1.0531105250120163,0.05806752577424049,0.08325586002320051,-2.5,-2.5
20260522_131931_977039,0,,28,0.15301422342658044,0.1616337689757347,-2.2788377094268797,0.12505673337727785,0.12868641410022974,-1.0412092953920364,1.9951632881164552,0.7390192970633507,0.5343484163284302,0.42967744171619415,1.9867227363586426,0.6793849244713783,1.9797767162323,0.6832856982946396,0.2698919332027435,0.273286085575819,0.2803720307350159,0.2778877504169941,1.1879496049880982,0.8631179556250572,1.2056328248977661,0.8613724783062935,0.0570491461455822,0.08277084212750196,-2.333333333333333,-2.333333333333333
20260522_131931_977039,0,,29,0.11464993000030517,0.12077928304672242,-2.3051182556152345,0.10550154000520706,0.1041164044290781,-1.158355951309204,2.05852264881134,0.7632815912365913,0.4690449702739716,0.41384466364979744,2.0445752811431883,0.7640929892659187,2.0486029148101808,0.7595670819282532,0.23677345156669616,0.23378100246191025,0.24499229192733765,0.2347065433859825,1.0110608625411988,0.9108856767416,1.030027346611023,0.9099263809621334,0.056027372032403946,0.08228920493274927,-2.166666666666667,-2.166666666666667
20260522_131931_977039,0,,31,0.3212395202029835,0.32589024576273834,-0.596510345285589,0.415331456810236,0.41730357334017754,-0.5229926630854607,0.5577759444713593,0.5880675315856934,0.34640925580805,0.3496989533305168,0.13833624693109992,0.0535603686075774,0.13009855581251692,0.051548855744840694,0.47906065529043024,0.5634294860064983,0.48456763408400794,0.5649245232343674,1.1355416124517268,1.2871360182762146,1.1323409568179736,1.2885432541370392,0.09940230846405029,0.09955109376460314,-6.833333333333332,-6.833333333333333
20260522_131931_977039,0,,32,0.09872778439346482,0.10220008124323453,-1.0385662317276,0.15195310208946466,0.15897856187075377,-1.0878027975559235,0.5679445477092967,0.6012057512998581,0.31742451033171487,0.313491340726614,0.5833721932242898,0.6485292389988899,0.5801597535610199,0.6341905482113361,0.23667030562372768,0.3061084412038326,0.24343815095284405,0.3147386647760868,0.8128359037287095,0.9911271259188652,0.8287051425260656,0.9822497591376305,0.09802224793854881,0.09875819832086563,-6.666666666666667,-6.666666666666667
20260522_131931_977039,0,,33,0.08990190313621,0.09191753207282587,-1.0661395354704424,0.11169421579688787,0.11214957712218165,-0.9142520576715469,0.5250386677005074,0.5584388375282288,0.3365988799116828,0.31804870814085007,0.5552147369493138,0.44943180680274963,0.5520733174952593,0.46584105491638184,0.22769088298082352,0.26927865855395794,0.2311564480716532,0.27005088329315186,0.7877201004461809,0.7323499470949173,0.7919167659499429,0.7364994585514069,0.09615671262145042,0.09797395765781403,-6.5,-6.5
20260522_131931_977039,0,,34,0.12048779740929604,0.11753604248166084,-0.932286536693573,0.12140838336199522,0.12019014358520508,-1.006534069776535,0.5517354929447174,0.5582877062261105,0.2842651927471161,0.3192952387034893,0.4861141359806061,0.5781103037297726,0.49623518347740175,0.5556510537862778,0.28214791536331174,0.26891703717410564,0.27864427864551544,0.2677817679941654,0.7768196415901184,0.9110430628061295,0.7619431281089782,0.9149986952543259,0.09403339326381684,0.09720020554959774,-6.333333333333334,-6.333333333333333
20260522_131931_977039,0,,35,0.0820015798509121,0.07988242253661156,-1.021666135787964,0.08253739448264241,0.08132835850119591,-0.9483961015939713,0.5958865284919739,0.5425457954406738,0.29784096002578736,0.2852249126881361,0.5745574402809143,0.502419013530016,0.5744554507732391,0.52851852029562,0.22200329780578612,0.2308836653828621,0.21899335741996764,0.22968290001153946,0.7201653027534485,0.6203019544482231,0.7157175004482269,0.6209957040846348,0.09179027438163757,0.0964420111849904,-6.166666666666666,-6.166666666666667
20260522_131931_977039,0,,36,0.0631153480708599,0.06212465852499008,-1.1120146656036376,0.09008638421073556,0.08973018731921911,-0.9811883196234703,0.6749310898780823,0.5811599902808666,0.26134966969490053,0.30646800994873047,0.675147819519043,0.5602679140865803,0.6763616442680359,0.5487664826214314,0.19480780601501466,0.23919621668756008,0.192756050825119,0.24003071896731853,0.6776405799388886,0.7019883878529072,0.6732840704917907,0.6931587755680084,0.08962829262018204,0.09569896571338177,-6.0,-6.0
20260522_131931_977039,0,,37,0.05890991389751434,0.05803269937634468,-1.1297979259490967,0.07313656574115157,0.0726416353136301,-1.0058502703905106,0.7184828639030456,0.5494673326611519,0.2719035065174103,0.2748623173683882,0.7044061279296875,0.5746520087122917,0.7042991518974304,0.5866072550415993,0.1904560273885727,0.21918928809463978,0.1897479009628296,0.21922794170677662,0.6114573287963867,0.5938223823904991,0.6043003869056701,0.5903915055096149,0.08753400146961213,0.09496501740068197,-5.833333333333334,-5.833333333333333
20260522_131931_977039,0,,38,0.05517362453043461,0.05795736744999885,-1.2261246919631958,0.08238621661439538,0.08145529590547085,-0.9704335555434227,0.8263793563842774,0.5869226381182671,0.26983012378215787,0.2846984751522541,0.8163004970550537,0.5608306378126144,0.8148832869529724,0.5518995821475983,0.1824207890033722,0.22047269716858864,0.18751833140850066,0.22025526501238346,0.6240341341495514,0.7426345273852348,0.6357071256637573,0.7437257245182991,0.08548747658729554,0.09424805920571089,-5.666666666666666,-5.666666666666667
20260522_131931_977039,0,,39,0.044854478910565376,0.04717566780745983,-1.3208164978027344,0.06044771382585168,0.0602925387211144,-1.0279843509197235,0.8999744248390198,0.620305672287941,0.27032318592071536,0.23841791599988937,0.9008539485931396,0.61863823980093,0.9019363188743591,0.6272986605763435,0.15634862899780275,0.1942563969641924,0.16154030948877335,0.19345886260271072,0.5844405376911164,0.6473743878304958,0.5959821963310241,0.6489507704973221,0.08348737865686416,0.09353913366794586,-5.5,-5.5
20260522_131931_977039,0,,40,0.03592178113758564,0.03676949806511402,-1.3917024612426758,0.059535170905292034,0.059727251529693604,-0.9539863914251328,0.9773513150215148,0.5707338377833366,0.24842479765415193,0.2369116209447384,0.9707173895835877,0.5411791354417801,0.9720504260063172,0.535651870071888,0.14303804963827133,0.19454205594956875,0.14571357786655426,0.19455767050385475,0.5180742061138153,0.5893563404679298,0.5290888738632202,0.5934772156178951,0.08155432552099227,0.09284008666872978,-5.333333333333334,-5.333333333333334
20260522_131931_977039,0,,41,0.03277342386543751,0.03345671735703945,-1.4724975252151489,0.06435985816642642,0.06453562108799815,-1.0510431826114655,1.0672700166702271,0.6285809427499771,0.24966527938842772,0.261787474155426,1.0677068281173705,0.6393859311938286,1.0684714531898498,0.642362929880619,0.134672811627388,0.19180407375097275,0.1363959228992462,0.19202008843421936,0.5197035539150238,0.7098652645945549,0.5162237501144409,0.7158485576510429,0.07971148550510407,0.09215308353304863,-5.166666666666666,-5.166666666666667
20260522_131931_977039,0,,42,0.047955096401274204,0.04755390901118517,-1.55250825881958,0.05017748614773154,0.050459961872547865,-1.0339967906475067,1.133892035484314,0.623552180826664,0.2729024511575699,0.2279782872647047,1.1258997440338134,0.6236464008688927,1.125310912132263,0.6232688054442406,0.1582108709216118,0.170710489153862,0.1569407492876053,0.17119447141885757,0.6488601970672607,0.6043833568692207,0.6530599951744079,0.6081365123391151,0.07796414405107498,0.09147071093320847,-5.0,-5.0
20260522_131931_977039,0,,43,0.04185675136744976,0.04250846199691296,-1.6296639823913575,0.04960563080385327,0.049335446674376726,-1.0543493777513504,1.2362873458862305,0.6553605943918228,0.246330326795578,0.22984549961984158,1.240690722465515,0.6435153260827065,1.2403686046600342,0.6442171186208725,0.1479345315694809,0.17621969245374203,0.1509120625257492,0.17575810849666595,0.6078962469100953,0.5825505964457989,0.604529640674591,0.5876197889447212,0.07626382499933243,0.09080066811293364,-4.833333333333333,-4.833333333333333
20260522_131931_977039,0,,44,0.03493271574378014,0.034956558495759966,-1.6997295904159546,0.055345666129142046,0.05650147842243314,-1.0966358333826065,1.3318195724487305,0.6923793256282806,0.2243734109401703,0.25452375039458275,1.3274791526794434,0.7009412869811058,1.3279350757598878,0.7012317255139351,0.13645279854536058,0.17462248913943768,0.1369205704331398,0.17599832825362682,0.5289548873901367,0.6633134298026562,0.5269493579864502,0.6669988296926022,0.07457180678844452,0.09014327079057693,-4.666666666666666,-4.666666666666666
20260522_131931_977039,0,,45,0.03577810030430555,0.03698155883699655,-1.7803358793258668,0.048882480477914214,0.04948832863010466,-1.1094440668821335,1.4238126277923584,0.7080716490745544,0.2313021892309189,0.2353703062981367,1.4160186052322388,0.7077261209487915,1.4162855625152588,0.7071157395839691,0.12741205781698228,0.1606787731871009,0.12890799075365067,0.1615056311711669,0.5583327841758728,0.6489295810461044,0.5706551599502564,0.6528572365641594,0.07293894648551941,0.08949579112231731,-4.5,-4.5
20260522_131931_977039,0,,46,0.04551815740764141,0.04488814167678356,-1.842227382659912,0.0458656947594136,0.046587609918788075,-1.0885988622903824,1.5206679677963257,0.6907913461327553,0.23976938664913178,0.23007988929748535,1.5137392902374267,0.687578946352005,1.5136134958267211,0.687912605702877,0.14858653485774995,0.1656029038131237,0.14647235125303268,0.1678270772099495,0.6474560785293579,0.5112996101379395,0.6503629159927368,0.5174133330583572,0.07133821249008179,0.08886359911412,-4.333333333333334,-4.333333333333334
20260522_131931_977039,0,,47,0.043109955601394176,0.04255542315542698,-1.9254129505157471,0.03962241671979427,0.04002805217169225,-1.1279642283916473,1.592350344657898,0.742823414504528,0.23877840518951415,0.20630896091461182,1.5947964954376221,0.7376078069210052,1.5938237762451173,0.7370186969637871,0.13437922954559325,0.14898437075316906,0.13274794250726699,0.1497136615216732,0.6626782631874084,0.557235412299633,0.6607808899879456,0.5565718486905098,0.06978481978178025,0.08824604377150536,-4.166666666666667,-4.166666666666667
20260522_131931_977039,0,,48,0.03947767723351717,0.03937108643352985,-2.0179102516174314,0.04375134827569127,0.04555274872109294,-1.1400359869003296,1.6921655416488648,0.7570914626121521,0.23490383803844453,0.23917701095342636,1.6903116178512574,0.7509510740637779,1.6912772369384765,0.7526844814419746,0.14561520367860795,0.1547369882464409,0.14517221003770828,0.1585569754242897,0.5602151894569397,0.5824236646294594,0.5681189131736756,0.5921895802021027,0.06829476773738861,0.08763587847352028,-4.0,-4.0
20260522_131931_977039,0,,49,0.03387524168938398,0.03414485160261393,-2.0813993215560913,0.051321599865332246,0.05282092373818159,-1.1595975011587143,1.7723761701583862,0.7615468800067902,0.21911449313163758,0.24232040531933308,1.7699683904647827,0.7624201327562332,1.7701858329772948,0.7605669274926186,0.13340053379535674,0.16584782861173153,0.1332712748646736,0.1680449526757002,0.4688693070411682,0.617997445166111,0.46680024862289426,0.6177364885807037,0.06683952748775482,0.08704086486250162,-3.833333333333333,-3.8333333333333335
20260522_131931_977039,0,,50,0.036942387409508226,0.036706345602869984,-2.153050088882446,0.039496253593824804,0.04142579482868314,-1.151144191622734,1.84940025806427,0.7795947417616844,0.21918596386909484,0.22090452909469604,1.84344398021698,0.7710390016436577,1.8438795232772827,0.7695448845624924,0.12545213729143143,0.14696017652750015,0.12582594603300096,0.15083555970340967,0.569841923713684,0.5464004166424274,0.5640673780441284,0.5489808171987534,0.06545666575431824,0.08645975776016712,-3.666666666666667,-3.666666666666667
20260522_131931_977039,0,,51,0.08129328787326813,0.08139307711273432,-2.185417399406433,0.03370281565003097,0.036450677551329136,-1.2002493888139725,1.9188497686386108,0.8033402264118195,0.2528821349143982,0.20623588375747204,1.9017930221557617,0.8148575946688652,1.9013418817520142,0.818596139550209,0.18345069646835327,0.13702957518398762,0.18256614923477174,0.1401869859546423,0.8893093681335449,0.470076322555542,0.8908515167236328,0.5026218667626381,0.06411171823740006,0.08589317090809345,-3.5,-3.5
20260522_131931_977039,0,,52,0.04750813953578472,0.047817802838981155,-2.2827812576293947,0.03458990482613444,0.03627443127334118,-1.2203397452831268,1.9921244668960572,0.8720500767230988,0.24209106147289275,0.18715829029679298,1.996764488220215,0.8625368401408195,1.99697003364563,0.8605048805475235,0.1410268434882164,0.14409873634576797,0.14194287806749345,0.14810138754546642,0.681922755241394,0.4656246304512024,0.6849105453491211,0.48842034488916397,0.06280098691582679,0.08533638250082731,-3.333333333333333,-3.3333333333333335
20260522_131931_977039,0,,53,0.04418476935476065,0.04397664733231068,-2.330988521575928,0.037964007118716836,0.03904660209082067,-1.1933450251817703,2.054759130477905,0.861506313085556,0.22729173719882964,0.20235092751681805,2.0529506492614744,0.8295335546135902,2.0528764390945433,0.8238847479224205,0.13308921128511428,0.14473702758550644,0.13220043778419494,0.14825691282749176,0.6599255609512329,0.550588097423315,0.6547313499450683,0.553033035248518,0.06153272435069084,0.08478651754558086,-3.166666666666667,-3.1666666666666665
20260522_131931_977039,0,,54,0.06019633881747723,0.05934830963611603,-2.389609203338623,0.05680246674455702,0.06117359665222466,-1.248595878481865,2.1289952754974366,0.9040929675102234,0.23638481080532073,0.2210959568619728,2.1228259229660034,0.8862642869353294,2.1235336875915527,0.8938750252127647,0.1486856633424759,0.17701544892042875,0.14629413217306136,0.1824719812721014,0.7591230726242065,0.6887090057134628,0.7637610864639283,0.7254391610622406,0.06030938789248466,0.08424784615635872,-3.0,-3.0
20260522_131931_977039,0,,55,0.06012251205742359,0.06009559340775013,-2.460875406265259,0.03502321895211935,0.03722498437855393,-1.3177169412374496,2.1991025829315185,0.9373129159212112,0.2453641790151596,0.18882917612791061,2.1966280555725097,0.9590072482824326,2.196383934020996,0.9609178081154823,0.14601992815732956,0.14450558554381132,0.14828804910182952,0.15041719656437635,0.8131622648239136,0.4880945011973381,0.8002947521209717,0.5091345235705376,0.05911504060029984,0.08371741883456707,-2.833333333333333,-2.833333333333333
20260522_131931_977039,0,,56,0.048670579567551615,0.05017936334013939,-2.512953748703003,0.03048893832601607,0.033031808910891414,-1.3050827980041504,2.2606426811218263,0.9498928338289261,0.2253464674949646,0.1863536201417446,2.2576778888702393,0.9475014209747314,2.257464771270752,0.9375882297754288,0.14105922609567642,0.1285723214969039,0.14659689128398895,0.1355750346556306,0.6863151597976684,0.49946179240942,0.6863288402557373,0.5048829540610313,0.057989709079265594,0.08319465722888708,-2.666666666666666,-2.666666666666666
20260522_131931_977039,0,,57,0.0345225851982832,0.03404411159455776,-2.6060649394989013,0.041781464824452996,0.04562714439816773,-1.295814409852028,2.356855716705322,0.9532627835869789,0.2057265269756317,0.2278154380619526,2.352689743041992,0.9438459128141403,2.3524428462982176,0.936806783080101,0.12272819995880127,0.1452495139092207,0.12080444127321244,0.15481596626341343,0.5358233499526978,0.6155034340918064,0.5273300981521607,0.6240096241235733,0.05686675682663918,0.08268198370933533,-2.5,-2.5
20260522_131931_977039,0,,58,0.05201899316161871,0.05099717367440462,-2.6416246032714845,0.029357706662267447,0.0316291912458837,-1.3446277678012848,2.392448205947876,0.9871239438652992,0.22881284534931182,0.1883287113159895,2.3918949222564696,0.9891450554132462,2.3917115783691405,0.9937292337417603,0.13370432078838348,0.11935640405863523,0.13123237788677217,0.12216873094439507,0.6339656352996826,0.5290315970778465,0.6306571435928344,0.5525805503129959,0.05577482029795647,0.08217829652130604,-2.333333333333333,-2.333333333333333
20260522_131931_977039,0,,59,0.10167054276913405,0.10179463062435389,-2.7004619693756102,0.02383992087561637,0.026430935133248568,-1.3435587733983994,2.468109016418457,1.0195381194353104,0.2779110825061798,0.18859678879380226,2.4619540214538573,1.0053405910730362,2.463103799819946,1.006050944328308,0.18359008699655532,0.11600861418992281,0.18477196156978606,0.1227307841181755,1.0622449493408204,0.4448118396103382,1.0625193214416504,0.46679531037807465,0.054735125303268434,0.08168401755392551,-2.166666666666667,-2.166666666666667
