Run_ID,Run_Start_Episode,Resume_Checkpoint,Episode,Ind_Q1_Loss,Ind_Q2_Loss,Ind_Policy_Loss,Pop_Q1_Loss,Pop_Q2_Loss,Pop_Policy_Loss,Ind_Q_Target_Mean,Pop_Q_Target_Mean,Ind_Q_Target_Std,Pop_Q_Target_Std,Ind_Q1_Prediction_Mean,Pop_Q1_Prediction_Mean,Ind_Q2_Prediction_Mean,Pop_Q2_Prediction_Mean,Ind_Q1_TD_Abs_Mean,Pop_Q1_TD_Abs_Mean,Ind_Q2_TD_Abs_Mean,Pop_Q2_TD_Abs_Mean,Ind_Q1_TD_Abs_Max,Pop_Q1_TD_Abs_Max,Ind_Q2_TD_Abs_Max,Pop_Q2_TD_Abs_Max,Ind_Alpha,Pop_Alpha,Ind_Target_Entropy,Pop_Target_Entropy
20260521_141030_512659,0,2026_05_20_DesignCycle1_ep60,1,0.19783719290386548,0.1986890211701393,-2.0956110737540503,0.09618378337472677,0.09543671971186996,-1.6959480941295624,1.3534161069176414,1.3483683317899704,0.6301949349316683,0.3631601557135582,1.3380248004739934,1.331266313791275,1.336381977254694,1.3345746845006943,0.34518152610822156,0.2230365239083767,0.3435118713162162,0.22396025247871876,1.099874041297219,0.9183016270399094,1.1400721777569165,0.8945543095469475,0.0993992185050791,0.0995506290346384,-6.833333333333332,-6.833333333333333
20260521_141030_512659,0,2026_05_20_DesignCycle1_ep60,2,0.18629042585106456,0.18136347917949452,-2.0709936408435596,0.10111769055947661,0.10020118672400713,-1.8567574173212051,1.4148627098868876,1.4191790372133255,0.5969231076100293,0.37633970752358437,1.4227660754147697,1.44132000207901,1.4290310004178215,1.4460353702306747,0.3281265444615308,0.2382673379033804,0.3246714472770691,0.23612911999225616,1.1566271361182718,0.9196533113718033,1.126253555802738,0.9224800318479538,0.09801451292108088,0.09875422436743975,-6.666666666666667,-6.666666666666667
20260521_141030_512659,0,2026_05_20_DesignCycle1_ep60,3,0.13863519883968614,0.13947232795709913,-2.033311800523238,0.09376460872590542,0.1002433872781694,-1.7596482038497925,1.4730569828640332,1.4099146276712418,0.56340107050809,0.35051628574728966,1.45757257938385,1.3763737231492996,1.455176375129006,1.3616421818733215,0.27403316646814346,0.22806766256690025,0.2764415050094778,0.23438799940049648,1.0902623263272373,0.8927190601825714,1.0888072631575845,0.9205579683184624,0.09612936289473013,0.09796696994453669,-6.5,-6.5
20260521_141030_512659,0,2026_05_20_DesignCycle1_ep60,4,0.12064810961484909,0.12318342193961143,-1.9940067338943481,0.10479607107117772,0.10006684390828013,-1.900756224989891,1.4855662488937378,1.4688595086336136,0.5165598011016845,0.3759962320327759,1.4775319766998292,1.4885786026716232,1.476757254600525,1.4942212104797363,0.25696911513805387,0.23273123614490032,0.26042708098888395,0.2229545172303915,0.9584854531288147,0.9857039451599121,0.9772875452041626,0.9777582660317421,0.0939232039451599,0.09719412587583065,-6.333333333333334,-6.333333333333333
20260521_141030_512659,0,2026_05_20_DesignCycle1_ep60,5,0.10195310473442078,0.1024447551369667,-2.0553776931762697,0.08878258801996708,0.08923873165622354,-1.8045200258493423,1.5618743801116943,1.4826959818601608,0.5380453741550446,0.34829652309417725,1.5614022731781005,1.4475816935300827,1.559900197982788,1.4428535997867584,0.2296692317724228,0.22002455964684486,0.23067992508411408,0.21964697167277336,0.8976035070419311,0.9044448211789131,0.9147866559028626,0.9042967036366463,0.09163668066263199,0.0964322853833437,-6.166666666666666,-6.166666666666667
20260521_141030_512659,0,2026_05_20_DesignCycle1_ep60,6,0.1199236835539341,0.12177571222186089,-2.0916484594345093,0.0958705609664321,0.09239644836634398,-1.8325060904026031,1.6504863166809083,1.5139211863279343,0.5107229363918304,0.37173619121313095,1.6450706720352173,1.4846401363611221,1.6451030683517456,1.4902261197566986,0.2455463421344757,0.2215507309883833,0.2469192188978195,0.2168433517217636,1.0761319398880005,0.9266809225082397,1.0839402294158935,0.9063052535057068,0.08944038182497024,0.09567890129983425,-6.0,-6.0
20260521_141030_512659,0,2026_05_20_DesignCycle1_ep60,7,0.1031857305765152,0.10449542686343193,-2.224617624282837,0.07891092821955681,0.08065187558531761,-1.922755390405655,1.7897175216674805,1.519646316766739,0.5524423241615295,0.3652907479554415,1.7833801126480102,1.5496937334537506,1.7839855289459228,1.5499503761529922,0.2434518826007843,0.2088631633669138,0.24491179525852202,0.2146152425557375,0.8433127784729004,0.7508931756019592,0.844006531238556,0.7618557438254356,0.08731361091136933,0.09493745118379593,-5.833333333333334,-5.833333333333333
20260521_141030_512659,0,2026_05_20_DesignCycle1_ep60,8,0.10575837880373001,0.10533313691616059,-2.2048341274261474,0.08446284616366029,0.08299662824720144,-1.9508834034204483,1.817003517150879,1.5704909712076187,0.5516372942924499,0.4081335850059986,1.8080674982070923,1.5661274045705795,1.8059746885299683,1.565058246254921,0.2257090103626251,0.2020062394440174,0.22341730177402497,0.20407280512154102,1.0004832744598389,0.82078006118536,1.0069473457336426,0.8124687224626541,0.08524229675531388,0.09420825634151697,-5.666666666666666,-5.666666666666667
20260521_141030_512659,0,2026_05_20_DesignCycle1_ep60,9,0.10482860632240772,0.10303401291370391,-2.242747230529785,0.07340541481971741,0.07510583568364382,-1.8450562357902527,1.8619409132003784,1.5277056097984314,0.5099699556827545,0.36790550500154495,1.866319212913513,1.4963233023881912,1.8672898149490356,1.4973512291908264,0.21336896777153014,0.20081308111548424,0.2118205940723419,0.20453780330717564,1.0896830129623414,0.8217784836888313,1.0888512706756592,0.8402870297431946,0.08323911398649216,0.09349213168025017,-5.5,-5.5
20260521_141030_512659,0,2026_05_20_DesignCycle1_ep60,10,0.08739276632666587,0.0874876107275486,-2.3711366939544676,0.0687879747711122,0.06820129696279764,-1.9576090574264526,1.9930652856826783,1.6050362884998322,0.5394024276733398,0.3596808761358261,1.990124454498291,1.6065203994512558,1.9908523988723754,1.604536309838295,0.2161885279417038,0.19972063601016998,0.2146838366985321,0.1992971319705248,0.8801398158073426,0.660266675055027,0.8937223553657532,0.6751053929328918,0.08131779432296753,0.09278864972293377,-5.333333333333334,-5.333333333333334
20260521_141030_512659,0,2026_05_20_DesignCycle1_ep60,11,0.09007905393838883,0.08729993268847465,-2.3752390575408935,0.09829502087086439,0.09631058014929295,-2.023228168487549,2.041022052764893,1.629603922367096,0.5021061873435975,0.43402649462223053,2.0360030698776246,1.6235125660896301,2.0338741159439087,1.621248871088028,0.20907705187797546,0.22904734686017036,0.20468617379665374,0.2234352771192789,0.8846106672286987,0.9884532541036606,0.889711742401123,0.987148717045784,0.07948871225118637,0.09209401067346334,-5.166666666666666,-5.166666666666667
20260521_141030_512659,0,2026_05_20_DesignCycle1_ep60,12,0.07613398142158985,0.07579976744949818,-2.473320474624634,0.09023352665826678,0.09069736069068313,-1.9532422721385956,2.1310187005996704,1.6119075119495392,0.5138820767402649,0.37641103006899357,2.1311727476119997,1.6231430172920227,2.132152819633484,1.6265948116779327,0.19892292141914367,0.21127144992351532,0.1979389727115631,0.21486230939626694,0.7705909156799317,0.9653026461601257,0.770686902999878,0.9440202564001083,0.07768035143613815,0.09141247998923063,-5.0,-5.0
20260521_141030_512659,0,2026_05_20_DesignCycle1_ep60,13,0.13399676531553267,0.13776473939418793,-2.5232146263122557,0.06482504191808403,0.06712494348175824,-1.9725150614976883,2.2014642190933227,1.6354298740625381,0.5435256338119507,0.35004519671201706,2.1895416450500487,1.6261662244796753,2.190051441192627,1.6251461803913116,0.2425493824481964,0.18096086755394936,0.2451470375061035,0.18391639180481434,1.1460064268112182,0.7232367545366287,1.1529995727539062,0.7233956158161163,0.07594670951366425,0.09074551705271006,-4.833333333333333,-4.833333333333333
20260521_141030_512659,0,2026_05_20_DesignCycle1_ep60,14,0.093926362991333,0.0951792860776186,-2.590738544464111,0.10302286921069026,0.10268391761928797,-1.9324375540018082,2.303159837722778,1.6475575119256973,0.5441366302967071,0.40768124908208847,2.281937780380249,1.5973868072032928,2.2787990093231203,1.5971442610025406,0.2080842798948288,0.22549961134791374,0.20938251674175262,0.22587477043271065,0.9352032041549683,0.9500763043761253,0.9396642112731933,0.9260195419192314,0.07428863257169724,0.09009443037211895,-4.666666666666666,-4.666666666666666
20260521_141030_512659,0,2026_05_20_DesignCycle1_ep60,15,0.08214584305882454,0.08469076350331306,-2.689907293319702,0.13474360294640064,0.13354583596810699,-2.018429219722748,2.3673266696929933,1.6516733169555664,0.5379596328735352,0.41452474519610405,2.3757651615142823,1.6597429513931274,2.378624887466431,1.6605115681886673,0.20782943487167357,0.24414486065506935,0.20987651228904725,0.24351978115737438,0.8264967918395996,1.2185396999120712,0.8550331115722656,1.200048714876175,0.07267176806926727,0.08945588860660791,-4.5,-4.5
20260521_141030_512659,0,2026_05_20_DesignCycle1_ep60,16,0.06828481785953044,0.07070358231663704,-2.7133989048004152,0.11942109698429704,0.1163362069055438,-2.032070353627205,2.4190468788146973,1.6520142406225204,0.4811968612670898,0.4001728855073452,2.4157668781280517,1.6628358066082,2.4120656490325927,1.6599125266075134,0.19535741865634917,0.2295998428016901,0.19790750741958618,0.22668450698256493,0.7016526079177856,1.1622719541192055,0.7194660043716431,1.1552975848317146,0.07108061462640762,0.08882851339876652,-4.333333333333334,-4.333333333333334
20260521_141030_512659,0,2026_05_20_DesignCycle1_ep60,17,0.09197045907378197,0.09043696783483028,-2.826434335708618,0.1500336010940373,0.14912069169804454,-2.0309948325157166,2.5337785053253175,1.6858018785715103,0.5668722403049469,0.4369565099477768,2.521902551651001,1.6884565949440002,2.522109365463257,1.6869108080863953,0.2046232497692108,0.25060355104506016,0.2014847368001938,0.2510817274451256,0.9408044958114624,1.4534616768360138,0.9555598545074463,1.4439389556646347,0.06956596612930298,0.08820777758955956,-4.166666666666667,-4.166666666666667
20260521_141030_512659,0,2026_05_20_DesignCycle1_ep60,18,0.09228370003402234,0.09512682564556599,-2.88490517616272,0.1160519770346582,0.10993975726887584,-2.034860298037529,2.5829332160949705,1.6859842091798782,0.6168059718608856,0.4249967895448208,2.5763715934753417,1.6711069345474243,2.575315294265747,1.6787806898355484,0.19913901269435882,0.2303896453231573,0.2046003019809723,0.2223525568842888,0.9769383811950684,1.0531053394079208,1.0139062595367432,1.0255997478961945,0.06808989942073822,0.08759824652224779,-4.0,-4.0
20260521_141030_512659,0,2026_05_20_DesignCycle1_ep60,19,0.06022574283182621,0.060503918454051016,-2.948745412826538,0.08153500966727734,0.08034164132550359,-2.072049081325531,2.6632273387908936,1.74009470641613,0.5462319564819336,0.4102955013513565,2.6681248474121095,1.7487714290618896,2.6698295783996584,1.7465196549892426,0.17294748604297638,0.20937513187527657,0.17347419679164885,0.20515707321465015,0.762651948928833,0.8133233338594437,0.7676683187484741,0.8070322796702385,0.06669688403606415,0.08700206317007542,-3.833333333333333,-3.8333333333333335
20260521_141030_512659,0,2026_05_20_DesignCycle1_ep60,20,0.06818656586110591,0.06905804768204689,-2.9941274166107177,0.09838684368878603,0.09812512062489986,-2.036658376455307,2.7467558097839357,1.7381830960512161,0.5256578147411346,0.37564025819301605,2.741236162185669,1.7189326882362366,2.7395925903320313,1.7171393930912018,0.1708842945098877,0.2064942754805088,0.16968829989433287,0.20976512134075165,0.8181785011291504,1.0014546811580658,0.8447087383270264,0.9969228953123093,0.06538208693265915,0.08642152044922113,-3.666666666666667,-3.666666666666667
20260521_141030_512659,0,2026_05_20_DesignCycle1_ep60,21,0.09831582799553872,0.09335027858614922,-3.0592007541656496,0.14321738528087735,0.1457989327609539,-2.059637114405632,2.8036764526367186,1.727590635418892,0.5646160900592804,0.4189099296927452,2.804098997116089,1.7251139134168625,2.804805955886841,1.7244206964969635,0.21253810524940492,0.24572113156318665,0.20256830513477325,0.2511020042002201,0.9001033782958985,1.1933161616325378,0.8877188730239868,1.1850316226482391,0.0640676698088646,0.08585936762392521,-3.5,-3.5
20260521_141030_512659,0,2026_05_20_DesignCycle1_ep60,22,0.08135594606399536,0.07886693030595779,-3.132544631958008,0.08316264161840081,0.08386424789205194,-2.153378516435623,2.887913827896118,1.8274588882923126,0.5954979932308198,0.40238701179623604,2.8813719749450684,1.8092462569475174,2.8819095993041994,1.811758816242218,0.18714748382568358,0.21456489339470863,0.18281779944896698,0.21762067265808582,0.8506427574157714,0.787253126502037,0.8476249313354492,0.807522177696228,0.06278848767280579,0.08530551102012396,-3.333333333333333,-3.3333333333333335
20260521_141030_512659,0,2026_05_20_DesignCycle1_ep60,23,0.06485404089093208,0.06480727329850197,-3.1606792640686034,0.11728254007175565,0.11532968329265714,-2.1327831000089645,2.937112226486206,1.8137969672679901,0.5600216138362885,0.4092937856912613,2.930719404220581,1.8170959651470184,2.9311392879486085,1.8072964400053024,0.19291474044322968,0.22777974791824818,0.1916760677099228,0.22607891634106636,0.7164210224151611,1.0807588994503021,0.7338010692596435,1.0859355628490448,0.06154279142618179,0.08476207219064236,-3.166666666666667,-3.1666666666666665
20260521_141030_512659,0,2026_05_20_DesignCycle1_ep60,24,0.061173947080969814,0.06123160235583782,-3.263511552810669,0.12646703654900193,0.12182356975972652,-2.128025710582733,3.020215702056885,1.816495031118393,0.5870760214328766,0.3952568508684635,3.0290145683288574,1.8235374242067337,3.0280379962921145,1.824858084321022,0.17250525653362275,0.2423483058810234,0.17192153990268708,0.23148332349956036,0.7302974891662598,1.2619023472070694,0.7329287719726563,1.2568577527999878,0.060370312929153444,0.08421951811760664,-3.0,-3.0
20260521_141030_512659,0,2026_05_20_DesignCycle1_ep60,25,0.07469441123306751,0.07546792179346085,-3.3061073875427245,0.08779662102460861,0.08615007158368826,-2.0873142033815384,3.0814820194244383,1.8133070766925812,0.5984080767631531,0.3753585461527109,3.0749503421783446,1.7702574580907822,3.0758240318298338,1.780596137046814,0.18498137593269348,0.20005690678954124,0.18467891097068787,0.197649497538805,0.8031936931610107,1.011005461215973,0.7985611820220947,1.0109402388334274,0.05925617799162865,0.08368991408497095,-2.833333333333333,-2.833333333333333
20260521_141030_512659,0,2026_05_20_DesignCycle1_ep60,26,0.0879304788261652,0.08559061534702778,-3.362732925415039,0.07275007339194417,0.0729667036794126,-2.1820079684257507,3.1423927783966064,1.865368977189064,0.5578379559516907,0.3505472019314766,3.13535174369812,1.865275964140892,3.1366972160339355,1.8578337579965591,0.18951445043087006,0.20771552808582783,0.18214275687932968,0.20485147833824158,0.968348503112793,0.7281936258077621,0.9677981901168823,0.7292213141918182,0.05821084186434746,0.08318510930985212,-2.666666666666666,-2.666666666666666
20260521_141030_512659,0,2026_05_20_DesignCycle1_ep60,27,0.10944012701511383,0.11000098899006844,-3.443274393081665,0.14091699477285147,0.13461936358362436,-2.223937690258026,3.2290134239196777,1.8644171357154846,0.6795116901397705,0.4252596013247967,3.2332346725463865,1.8952222168445587,3.23142297744751,1.8924148082733154,0.19805137872695922,0.2241991125047207,0.19689947307109834,0.21991660445928574,1.1573462200164795,1.309533715248108,1.1716483974456786,1.2888197004795074,0.057224758118391034,0.08269908931106329,-2.5,-2.5
20260521_141030_512659,0,2026_05_20_DesignCycle1_ep60,28,0.1181951590627432,0.12181943148374558,-3.449585266113281,0.14600436203181744,0.1390578132122755,-2.2115394473075867,3.2424549865722656,1.909325510263443,0.64409499168396,0.41141556203365326,3.235802993774414,1.8987721800804138,3.2394622802734374,1.9046162962913513,0.2115355461835861,0.25704109109938145,0.21683781892061232,0.24902632646262646,1.1369379377365112,1.2089302390813828,1.1581564950942993,1.1909343302249908,0.05625641345977783,0.08222328126430511,-2.333333333333333,-2.333333333333333
20260521_141030_512659,0,2026_05_20_DesignCycle1_ep60,29,0.18263455003499984,0.17804070934653282,-3.5239917278289794,0.08153350232169032,0.07863830821588635,-2.2627576291561127,3.324902181625366,1.9610523730516434,0.670967960357666,0.413794357329607,3.3024980926513674,1.9290415197610855,3.303797950744629,1.9431631565093994,0.2564729118347168,0.20908183977007866,0.24519507706165314,0.20706239156425,1.5214381885528565,0.8350610136985779,1.502783088684082,0.801757425069809,0.05534621074795723,0.08175422064960003,-2.166666666666667,-2.166666666666667
20260521_141030_512659,0,2026_05_20_DesignCycle1_ep60,31,0.07498748634349216,0.07292705842039802,-2.081279993057251,0.08861921238712966,0.09029339626431465,-2.3065657913684845,1.6004234552383423,1.889276385307312,0.3735999492081729,0.3905819207429886,1.5868256959048184,1.8628162890672684,1.5995243462649258,1.8587463647127151,0.21121120046485553,0.19168414920568466,0.21359399909322913,0.19518679194152355,0.7273325540802695,0.946074366569519,0.6935479695146735,0.9454529881477356,0.0994024161588062,0.09955137595534325,-6.833333333333332,-6.833333333333333
20260521_141030_512659,0,2026_05_20_DesignCycle1_ep60,32,0.06076039680663277,0.05859533018049072,-2.147620074889239,0.030239920830354095,0.031680638901889324,-2.3931421041488647,1.7038836479187012,1.9687697887420654,0.33237285999690785,0.30738336592912674,1.6937906671972836,1.9549596458673477,1.6897798355887919,1.9582142233848572,0.17990146358223522,0.13537183590233326,0.17395334384020636,0.13810369186103344,0.684481028248282,0.4198368713259697,0.696634499465718,0.4435441866517067,0.09802515410325106,0.09875754918903112,-6.666666666666667,-6.666666666666667
20260521_141030_512659,0,2026_05_20_DesignCycle1_ep60,33,0.0359936525029215,0.03575404454022646,-2.247072707522999,0.05761125171557069,0.05835233489051461,-2.4187857508659363,1.7937203970822422,1.9889014065265656,0.3203727034005252,0.3705313839018345,1.792750976302407,1.993576556444168,1.7903705672784285,1.9932343661785126,0.1480781419033354,0.1480658296495676,0.1482681052928621,0.14788744039833546,0.4664077162742615,0.7781557887792587,0.4591934789310802,0.7909216433763504,0.09613918309861963,0.0979709904640913,-6.5,-6.5
20260521_141030_512659,0,2026_05_20_DesignCycle1_ep60,34,0.03168801285326481,0.03252119958400726,-2.3225235176086425,0.0657690295483917,0.0681809582747519,-2.4422317445278168,1.8849829244613647,2.001757934689522,0.30779151499271395,0.3544370010495186,1.886255874633789,1.9971626102924347,1.8883160591125487,1.9974900931119919,0.13652288019657136,0.1431435327976942,0.13868479877710344,0.14679823070764542,0.4678507471084595,0.8919230699539185,0.47303125381469724,0.8987895399332047,0.09394885033369064,0.0971953934058547,-6.333333333333334,-6.333333333333333
20260521_141030_512659,0,2026_05_20_DesignCycle1_ep60,35,0.040276601910591125,0.042137384451925754,-2.4001279258728028,0.04434678703546524,0.04198052920401096,-2.473876416683197,1.981196584701538,2.036989852786064,0.29873333394527435,0.341117762029171,1.9783339405059814,2.0494187474250793,1.976622085571289,2.0504957735538483,0.13641315907239915,0.13053496275097132,0.1389595550298691,0.12803752720355988,0.5640210390090943,0.6942507475614548,0.5746180272102356,0.6814182698726654,0.0916807535290718,0.09643134195357561,-6.166666666666666,-6.166666666666667
20260521_141030_512659,0,2026_05_20_DesignCycle1_ep60,36,0.034429556988179684,0.03266525983810425,-2.4912346744537355,0.028200962697155774,0.03041756432503462,-2.504927843809128,2.097786750793457,2.0802419185638428,0.2731352722644806,0.3303668014705181,2.092490954399109,2.0724023580551147,2.092780237197876,2.069438189268112,0.13676778316497804,0.12334012612700462,0.1341499474644661,0.12790391314774752,0.4744552707672119,0.5287005454301834,0.45924858570098875,0.5469927489757538,0.08949223011732102,0.09567915834486485,-6.0,-6.0
20260521_141030_512659,0,2026_05_20_DesignCycle1_ep60,37,0.05047588631510735,0.05185434900224209,-2.5698459815979002,0.06777236610651016,0.06833908916451037,-2.5339856445789337,2.180229721069336,2.1010515838861465,0.3004262733459473,0.41826455667614937,2.175685987472534,2.102721691131592,2.1749142837524413,2.1040216088294983,0.14802616268396376,0.14195041730999947,0.14843856453895568,0.14184717927128077,0.6771199560165405,0.7922194600105286,0.6819287776947022,0.7882917374372482,0.08736291944980622,0.09494031965732574,-5.833333333333334,-5.833333333333333
20260521_141030_512659,0,2026_05_20_DesignCycle1_ep60,38,0.04449014749377966,0.044269856922328474,-2.659968252182007,0.043559717712923884,0.04518720181658864,-2.5289618372917175,2.27438551902771,2.0962954312562943,0.3035744786262512,0.37743859365582466,2.2753315448760985,2.085972398519516,2.2758485889434814,2.0862210988998413,0.136659035384655,0.13934222888201475,0.13520333528518677,0.1433439701795578,0.6128116989135742,0.6299262121319771,0.6065519905090332,0.621493823826313,0.08528876185417175,0.0942162936553359,-5.666666666666666,-5.666666666666667
20260521_141030_512659,0,2026_05_20_DesignCycle1_ep60,39,0.06183818504214287,0.06303065400570632,-2.6817782020568846,0.057415473042055964,0.05831440107431263,-2.5291213989257812,2.331879749298096,2.0899162739515305,0.31053027510643005,0.4291689433157444,2.321559524536133,2.087410733103752,2.3204976081848145,2.090623676776886,0.1691964954137802,0.13861914444714785,0.17132581532001495,0.14168790355324745,0.7306644058227539,0.7895674109458923,0.7524951791763306,0.7920171618461609,0.0832994133234024,0.09350254386663437,-5.5,-5.5
20260521_141030_512659,0,2026_05_20_DesignCycle1_ep60,40,0.053518658652901646,0.05540032751858234,-2.8090678119659422,0.0681444127112627,0.06647707452066243,-2.5533801317214966,2.445300941467285,2.165837287902832,0.32066015124320985,0.39661455154418945,2.451460428237915,2.159654289484024,2.4514022064208985,2.159228175878525,0.1481276684999466,0.14713671803474426,0.15088709443807602,0.14592833165079355,0.741480598449707,0.9448556751012802,0.7619869518280029,0.9410747736692429,0.08134500592947007,0.09279543906450272,-5.333333333333334,-5.333333333333334
20260521_141030_512659,0,2026_05_20_DesignCycle1_ep60,41,0.05166938774287701,0.05274626880884171,-2.876032257080078,0.029902502428740263,0.028060256503522396,-2.6151300370693207,2.530427265167236,2.210141032934189,0.3244943046569824,0.3110736459493637,2.527185640335083,2.2074087858200073,2.526470022201538,2.20603808760643,0.14704179376363755,0.1367499241605401,0.14872622936964036,0.12902428768575191,0.6651322889328003,0.42940230667591095,0.6726098537445069,0.4252535402774811,0.07946787029504776,0.0920967385172844,-5.166666666666666,-5.166666666666667
20260521_141030_512659,0,2026_05_20_DesignCycle1_ep60,42,0.08470946241170169,0.08557806938886642,-2.908674554824829,0.04775906866416335,0.05035604443401098,-2.633633941411972,2.5710043239593507,2.231797307729721,0.34656050443649294,0.38639600947499275,2.566465320587158,2.217237949371338,2.5669188117980957,2.216221362352371,0.15942008107900618,0.14074047654867172,0.1610143706202507,0.14423191081732512,1.0069000148773193,0.6425224393606186,1.0081951522827148,0.6551220417022705,0.0776440641283989,0.09141085669398308,-5.0,-5.0
20260521_141030_512659,0,2026_05_20_DesignCycle1_ep60,43,0.10725417226552963,0.10859877482056618,-2.9501258659362795,0.07133979839272797,0.07268471573479474,-2.616359144449234,2.6430331897735595,2.210562527179718,0.3491795998811722,0.38357091695070267,2.6181779766082762,2.2079663574695587,2.6183200740814208,2.207989990711212,0.19432289004325867,0.14994614198803902,0.19528864115476607,0.15316169802099466,0.9142512989044189,0.9114723354578018,0.9215872621536255,0.9107789397239685,0.07588857054710388,0.09073998034000397,-4.833333333333333,-4.833333333333333
20260521_141030_512659,0,2026_05_20_DesignCycle1_ep60,44,0.08060543350875378,0.08371490433812141,-3.0656751441955565,0.046031340723857284,0.04668834526091814,-2.6448220908641815,2.7351568126678467,2.2433155179023743,0.3416755646467209,0.35491297021508217,2.7477275276184083,2.2452227771282196,2.7468459701538084,2.2459858655929565,0.17311459124088288,0.1355799799785018,0.17832745164632796,0.14059780817478895,0.852081356048584,0.6600479483604431,0.8562548351287842,0.6709965616464615,0.07419179767370224,0.09008384123444557,-4.666666666666666,-4.666666666666666
20260521_141030_512659,0,2026_05_20_DesignCycle1_ep60,45,0.0865430860221386,0.08825424730777741,-3.0866761589050293,0.037839124677702785,0.037332131527364254,-2.6923157274723053,2.788553686141968,2.3130355775356293,0.3484617495536804,0.33651410788297653,2.7794273281097412,2.2956483960151672,2.78068000793457,2.296762764453888,0.16995292842388154,0.14682245440781116,0.17037596315145492,0.14938903413712978,0.9663093662261963,0.5466436594724655,0.9905225419998169,0.5051974803209305,0.07254401624202728,0.08943845145404339,-4.5,-4.5
20260521_141030_512659,0,2026_05_20_DesignCycle1_ep60,46,0.06502092197537422,0.0664858840405941,-3.138161973953247,0.05622399318963289,0.05705115385353565,-2.748664766550064,2.8366854190826416,2.354730784893036,0.33807119250297546,0.39747071638703346,2.8328757762908934,2.3438182175159454,2.832069368362427,2.344757169485092,0.1513741010427475,0.15825410094112158,0.15337011843919754,0.15822018310427666,0.7780808258056641,0.6371444165706635,0.7827500772476196,0.6507222354412079,0.07094197899103165,0.08880095556378365,-4.333333333333334,-4.333333333333334
20260521_141030_512659,0,2026_05_20_DesignCycle1_ep60,47,0.09636615961790085,0.09234348446130752,-3.2058180522918702,0.04798495792783797,0.047856629360467196,-2.7543509900569916,2.91727933883667,2.3470936119556427,0.3693756854534149,0.3940904773771763,2.9184796905517576,2.3631851077079773,2.9188972187042235,2.3603828847408295,0.18336606591939927,0.14324189815670252,0.17283964335918425,0.14253164175897837,0.9826893615722656,0.699825644493103,0.9617950057983399,0.6943764239549637,0.06939705073833466,0.08817460760474205,-4.166666666666667,-4.166666666666667
20260521_141030_512659,0,2026_05_20_DesignCycle1_ep60,48,0.08499207124114036,0.08305227302014828,-3.2817384815216064,0.057931386632844806,0.05691598157864064,-2.7467657327651978,3.002017469406128,2.3628109097480774,0.36512236535549164,0.40904295817017555,2.9939949226379396,2.3599285781383514,2.994044771194458,2.359368175268173,0.1811806282401085,0.14267511200159788,0.17338149905204772,0.14449578989297152,0.8848981046676636,0.7210082784295082,0.8863189506530762,0.7122354581952095,0.06790745973587037,0.0875591579824686,-4.0,-4.0
20260521_141030_512659,0,2026_05_20_DesignCycle1_ep60,49,0.11088951922953129,0.11199907802045345,-3.314374256134033,0.08839383372105658,0.08885945356450975,-2.735632210969925,3.0373935413360598,2.34235280752182,0.4098983108997345,0.45731809735298157,3.0196393966674804,2.339055150747299,3.021389322280884,2.3417809307575226,0.18722765266895294,0.15807586070150137,0.19428777396678926,0.16013544239103794,1.0017918395996093,1.0293427556753159,1.010481038093567,1.0483731925487518,0.06647368878126145,0.08695399668067694,-3.833333333333333,-3.8333333333333335
20260521_141030_512659,0,2026_05_20_DesignCycle1_ep60,50,0.09359766267240048,0.09503459297120571,-3.4267041301727295,0.04606388811953366,0.04589275526814163,-2.7864828407764435,3.1357110214233397,2.4126556515693665,0.3634172838926315,0.3676754795014858,3.1437972450256346,2.4000267386436462,3.141629638671875,2.400598645210266,0.1825948852300644,0.15206810925155878,0.18369734704494475,0.15417345892637968,0.8600645923614502,0.6272466480731964,0.86732102394104,0.6186012327671051,0.06510149598121644,0.08636185433715582,-3.666666666666667,-3.666666666666667
20260521_141030_512659,0,2026_05_20_DesignCycle1_ep60,51,0.07968965977430344,0.07908321432769298,-3.4773399734497072,0.028430187376216054,0.028341364581137896,-2.7832420766353607,3.203158292770386,2.422204941511154,0.35296831130981443,0.32599182799458504,3.2024342823028564,2.4094871878623962,3.2020580101013185,2.4051889181137085,0.15599213302135467,0.12855483498424292,0.15392766803503036,0.12741424795240164,0.801819806098938,0.46418753266334534,0.8205658292770386,0.4781818240880966,0.06378694087266921,0.08578251767903566,-3.5,-3.5
20260521_141030_512659,0,2026_05_20_DesignCycle1_ep60,52,0.118043710924685,0.11594491474330425,-3.5212175464630127,0.031318975845351815,0.030295714153908193,-2.8249429762363434,3.252901802062988,2.449375569820404,0.4127420437335968,0.3945498690009117,3.2476343441009523,2.436524748802185,3.247775926589966,2.438729554414749,0.16862013041973115,0.13790724519640207,0.16420834243297577,0.1323299827054143,1.246335916519165,0.44435352087020874,1.2317243099212647,0.44964399933815,0.062496298849582674,0.08521331381052732,-3.333333333333333,-3.3333333333333335
20260521_141030_512659,0,2026_05_20_DesignCycle1_ep60,53,0.09569077260792255,0.09872130654752255,-3.6220528507232665,0.0750906114699319,0.07412007730454206,-2.8367881178855896,3.356400966644287,2.4660645723342896,0.37790448069572447,0.4140896387398243,3.342312927246094,2.454163283109665,3.3424090766906738,2.4557338058948517,0.16036499112844468,0.17220300622284412,0.16147264927625657,0.17135725542902946,1.0136947631835938,0.8724018484354019,1.0315863990783691,0.8737486749887466,0.061256549060344695,0.08465319313108921,-3.166666666666667,-3.1666666666666665
20260521_141030_512659,0,2026_05_20_DesignCycle1_ep60,54,0.08219676114618778,0.0870250814408064,-3.671147527694702,0.13575964444316924,0.13780815387144685,-2.8454377353191376,3.400580492019653,2.4694527089595795,0.36446407675743103,0.4725540578365326,3.4069775676727296,2.4768227636814117,3.4087261390686034,2.472528725862503,0.16065626472234726,0.1997289638966322,0.17006294220685958,0.20544685423374176,0.931903076171875,1.4915400743484497,0.9624333095550537,1.4985271096229553,0.060061273872852323,0.08410200197249651,-3.0,-3.0
20260521_141030_512659,0,2026_05_20_DesignCycle1_ep60,55,0.10240738343447447,0.10443348169326783,-3.7035429286956787,0.061351219192147255,0.06108032143674791,-2.9101817905902863,3.462270050048828,2.5264487862586975,0.38607187986373903,0.3464675657451153,3.457300891876221,2.53755584359169,3.4547956466674803,2.5356489419937134,0.1584657683968544,0.1575614996254444,0.1610071724653244,0.16128976829349995,1.0584458637237548,0.7637595236301422,1.0675361347198487,0.7523023188114166,0.05888552665710449,0.08356546889990568,-2.833333333333333,-2.833333333333333
20260521_141030_512659,0,2026_05_20_DesignCycle1_ep60,56,0.08979961030185223,0.09465425536036491,-3.7877616405487062,0.08056138921529055,0.0778505289927125,-2.8869141042232513,3.551235294342041,2.5205717384815216,0.36477681279182433,0.4463038444519043,3.549343614578247,2.5277576744556427,3.5486318111419677,2.5283505618572235,0.1697711917757988,0.1559797190129757,0.1775318855047226,0.15178308822214603,0.9293241834640503,1.0236324071884155,0.9372171640396119,1.0171714574098587,0.05775090575218201,0.08304090518504381,-2.666666666666666,-2.666666666666666
20260521_141030_512659,0,2026_05_20_DesignCycle1_ep60,57,0.05229356527328491,0.05290875796228647,-3.845805330276489,0.030757715459913015,0.030859666410833597,-2.937796264886856,3.6105753421783446,2.584202527999878,0.3280494159460068,0.35259751603007317,3.6097969818115234,2.571401745080948,3.6094275188446043,2.574152648448944,0.13787745773792268,0.140758803114295,0.14362502187490464,0.14116275124251842,0.6453509140014648,0.42618678510189056,0.6470714950561524,0.4394676834344864,0.056681253612041474,0.08252501767128706,-2.5,-2.5
20260521_141030_512659,0,2026_05_20_DesignCycle1_ep60,58,0.11192339766770601,0.11859015442430973,-3.886411790847778,0.07181051839143038,0.0727723625022918,-2.933989852666855,3.649308433532715,2.562878131866455,0.36255248785018923,0.4061020538210869,3.642306718826294,2.5736218988895416,3.6410763263702393,2.574781656265259,0.17178703874349593,0.1461927955970168,0.18223524540662767,0.14415180403739214,0.9114409446716308,0.89820995926857,0.9344607734680176,0.9122866541147232,0.055630197376012804,0.08201832138001919,-2.333333333333333,-2.333333333333333
20260521_141030_512659,0,2026_05_20_DesignCycle1_ep60,59,0.08516649626195431,0.08807543907314538,-3.947698040008545,0.12608669488690794,0.13032519235275686,-2.9957542419433594,3.7237677001953124,2.6352919042110443,0.35343390941619873,0.4937775321304798,3.7242800331115724,2.6237837076187134,3.7256288051605226,2.625257521867752,0.16662746757268906,0.19426634162664413,0.17195426434278488,0.2022996824234724,0.8741822719573975,1.1741397678852081,0.8885575485229492,1.185081958770752,0.054653294235467914,0.08152525871992111,-2.166666666666667,-2.166666666666667
