Run_ID,Run_Start_Episode,Resume_Checkpoint,Episode,Ind_Q1_Loss,Ind_Q2_Loss,Ind_Policy_Loss,Pop_Q1_Loss,Pop_Q2_Loss,Pop_Policy_Loss,Ind_Q_Target_Mean,Pop_Q_Target_Mean,Ind_Q_Target_Std,Pop_Q_Target_Std,Ind_Q1_Prediction_Mean,Pop_Q1_Prediction_Mean,Ind_Q2_Prediction_Mean,Pop_Q2_Prediction_Mean,Ind_Q1_TD_Abs_Mean,Pop_Q1_TD_Abs_Mean,Ind_Q2_TD_Abs_Mean,Pop_Q2_TD_Abs_Mean,Ind_Q1_TD_Abs_Max,Pop_Q1_TD_Abs_Max,Ind_Q2_TD_Abs_Max,Pop_Q2_TD_Abs_Max,Ind_Alpha,Pop_Alpha,Ind_Target_Entropy,Pop_Target_Entropy
20260523_154947_170601,18,2026_05_22_DesignCycle1_ep18,18,0.13501652270555498,0.13451940968632697,-2.3891307735443115,0.11956219747662544,0.1187518211081624,-1.6166621893644333,1.9935098934173583,1.2036626785993576,0.430955582857132,0.38953621685504913,1.9897085762023925,1.1782371401786804,1.9881563377380371,1.1770366877317429,0.25252812266349794,0.25232505053281784,0.25212941408157347,0.2543113324791193,1.2010117673873901,1.0092144384980202,1.198187403678894,0.9832304567098618,0.09870460361242295,0.09955088142305613,-4.0,-4.0
20260523_154947_170601,18,2026_05_22_DesignCycle1_ep18,19,0.138823501765728,0.14082703560590745,-2.408800802230835,0.1159265786409378,0.1155511112883687,-1.6932796090841293,2.0582025766372682,1.2801155149936676,0.41334873795509336,0.41498225182294846,2.026913480758667,1.257676512002945,2.027550792694092,1.261018618941307,0.26325750768184664,0.2523587476462126,0.2651650434732437,0.25197630003094673,1.1366258430480958,0.960450291633606,1.153744249343872,0.9404671341180801,0.0962784805893898,0.09875797294080257,-3.833333333333333,-3.8333333333333335
20260523_154947_170601,18,2026_05_22_DesignCycle1_ep18,20,0.10844452127814293,0.11195065826177597,-2.50386381149292,0.11275284131988883,0.11701686307787895,-1.6669552624225616,2.128614068031311,1.2416894137859344,0.3837482792139053,0.4124240707606077,2.132355599403381,1.2321842312812805,2.129874620437622,1.22482730448246,0.23752808570861816,0.23888057470321655,0.24353030800819397,0.24433240108191967,0.9717586326599121,0.9707784801721573,0.9729340028762817,0.9861928373575211,0.09391679376363754,0.09797367174178362,-3.666666666666667,-3.666666666666667
20260523_154947_170601,18,2026_05_22_DesignCycle1_ep18,21,0.10759896084666253,0.10810247495770454,-2.5871095752716062,0.09320700354874134,0.09590177703648806,-1.7054520845413208,2.222888221740723,1.2206671684980392,0.3911230677366257,0.4131636545062065,2.2193562602996826,1.2552073746919632,2.2206510639190675,1.2556476294994354,0.2222245627641678,0.23866831324994564,0.22390940010547639,0.24134034290909767,1.0242173099517822,0.7642556801438332,1.0124704122543335,0.7768622934818268,0.09164064258337021,0.09719500690698624,-3.5,-3.5
20260523_154947_170601,18,2026_05_22_DesignCycle1_ep18,22,0.09284617573022842,0.09397855833172798,-2.663558216094971,0.09959253203123808,0.10093120951205492,-1.6791099160909653,2.287236433029175,1.3166972696781158,0.40436550736427307,0.3940095491707325,2.2947797203063964,1.2865551561117172,2.29437201499939,1.2915883660316467,0.22314375579357149,0.23313556052744389,0.22456567049026488,0.23452052101492882,0.8436140060424805,0.8783776834607124,0.8615886163711548,0.8832361623644829,0.08948111295700073,0.0964233111590147,-3.333333333333333,-3.3333333333333335
20260523_154947_170601,18,2026_05_22_DesignCycle1_ep18,23,0.10313023149967193,0.10542904064059258,-2.719716682434082,0.09240750595927238,0.09117508353665471,-1.7724413126707077,2.371378765106201,1.3680123835802078,0.3954792892932892,0.40892624855041504,2.3595365619659425,1.3675766587257385,2.3604501342773436,1.3611562699079514,0.2374160987138748,0.23064501211047173,0.2383861654996872,0.22714419290423393,0.8929592132568359,0.8075429946184158,0.9120147275924683,0.8121465444564819,0.08737877607345582,0.09567833319306374,-3.166666666666667,-3.1666666666666665
20260523_154947_170601,18,2026_05_22_DesignCycle1_ep18,24,0.09653297871351242,0.096338429749012,-2.7986141872406005,0.11788616795092821,0.12126538995653391,-1.745045006275177,2.4540049743652346,1.3231395184993744,0.38763810992240905,0.42159367352724075,2.45605185508728,1.3422364443540573,2.453306837081909,1.341463103890419,0.22821930885314942,0.24969777464866638,0.22676279842853547,0.2536722309887409,0.878983039855957,1.010817363858223,0.885619649887085,1.0276386216282845,0.08535708278417588,0.0949507923796773,-3.0,-3.0
20260523_154947_170601,18,2026_05_22_DesignCycle1_ep18,25,0.10164864972233772,0.10010250255465508,-2.825798864364624,0.1286235311999917,0.12859620619565248,-1.7796142399311066,2.509552211761475,1.380748689174652,0.39050469517707825,0.4137336164712906,2.490425853729248,1.3770188093185425,2.4927893924713134,1.3821779638528824,0.22526992976665497,0.24937684834003448,0.2235216248035431,0.24920654296875,0.9226008176803588,1.16896490752697,0.9198542737960815,1.1575603634119034,0.08341935485601425,0.09423061832785606,-2.833333333333333,-2.833333333333333
20260523_154947_170601,18,2026_05_22_DesignCycle1_ep18,26,0.12901576608419418,0.12521570444107055,-2.8858956909179687,0.10251221898943186,0.10486081661656499,-1.8021891564130783,2.566230983734131,1.4429372251033783,0.4026109433174133,0.410461001098156,2.570139455795288,1.4288612306118011,2.570227460861206,1.4253771007061005,0.24390709340572359,0.23254859261214733,0.24309637546539306,0.23618354834616184,1.0779099559783936,0.8508939668536186,1.0431982231140138,0.8719012215733528,0.08157095313072205,0.0935281440615654,-2.666666666666666,-2.666666666666666
20260523_154947_170601,18,2026_05_22_DesignCycle1_ep18,27,0.1297232276201248,0.1311464276909828,-2.938444480895996,0.08938695443794131,0.09080275241285563,-1.787512645125389,2.6465794944763186,1.397840142250061,0.4190639400482178,0.38770677521824837,2.630951795578003,1.3759444802999496,2.630020513534546,1.3736097067594528,0.23773043155670165,0.22908573783934116,0.23996280431747435,0.22955948486924171,1.1373188877105713,0.7683887705206871,1.1515286779403686,0.7938999608159065,0.07978955268859864,0.09285337198525667,-2.5,-2.5
20260523_154947_170601,18,2026_05_22_DesignCycle1_ep18,28,0.12342064321041107,0.1255875940620899,-3.0078537559509275,0.08750619506463408,0.08803270198404789,-1.876544713973999,2.6939235973358153,1.454257294535637,0.417278391122818,0.41992076858878136,2.6961810970306397,1.474769949913025,2.696545581817627,1.4742358326911926,0.22972116231918335,0.22684966027736664,0.2315720498561859,0.22753969579935074,1.1522377586364747,0.7361824065446854,1.1570401000976562,0.7410806119441986,0.07810933738946915,0.09218466468155384,-2.333333333333333,-2.333333333333333
20260523_154947_170601,18,2026_05_22_DesignCycle1_ep18,29,0.1698056811094284,0.17128151208162307,-3.0031746292114256,0.10517682926729321,0.10392625955864787,-1.8060006648302078,2.721834239959717,1.435717061161995,0.45823039531707765,0.4405599758028984,2.7108138942718507,1.4037864655256271,2.7100671482086183,1.4056804925203323,0.24924324691295624,0.2422128338366747,0.24969698190689088,0.2404777705669403,1.373301854133606,0.9250801503658295,1.3868326234817505,0.905702255666256,0.07650145471096038,0.09153102058917284,-2.166666666666667,-2.166666666666667
20260523_154947_170601,18,2026_05_22_DesignCycle1_ep18,31,0.20624786750836807,0.2073634605516087,-1.3183430162343113,0.07759816176258028,0.07708408683538437,-1.4876446723937988,0.8978595950386741,1.089848831295967,0.4591865160248496,0.26234194077551365,0.8621328256346963,1.0676836594939232,0.8734166730533947,1.0741181522607803,0.3578826676715504,0.19258545339107513,0.3574141020124609,0.19590668566524982,0.9702897071838379,0.8594686910510063,0.9874948317354376,0.8514091148972511,0.0994028543884104,0.09955078363418579,-6.833333333333332,-6.833333333333333
20260523_154947_170601,18,2026_05_22_DesignCycle1_ep18,32,0.15546378887751522,0.15984876453876495,-1.332512750345118,0.045138372806832194,0.04953004908747971,-1.5280735492706299,0.8214580802356496,1.113804280757904,0.4890415054910323,0.2712872829288244,0.8117648959159851,1.107359193265438,0.8148147253429189,1.1066334694623947,0.3127603758783901,0.15476925764232874,0.31548262869610505,0.16345324460417032,0.9798010517569149,0.6472848877310753,0.9948078113443711,0.6642984822392464,0.0980324495364638,0.09875723626464605,-6.666666666666667,-6.666666666666667
20260523_154947_170601,18,2026_05_22_DesignCycle1_ep18,33,0.146680106154897,0.1616756719621745,-1.3586411421949214,0.048505410086363554,0.05023438623175025,-1.5162775069475174,0.8700488263910467,1.1149210333824158,0.468952552838759,0.2542551402002573,0.8610013127326965,1.0994630604982376,0.8533437577160922,1.0952717810869217,0.29482233050194656,0.15629598777741194,0.3117920878258618,0.15879920218139887,0.9625919705087488,0.6584796532988548,0.9961930621754039,0.6556851267814636,0.09618826820091768,0.09797436092048883,-6.5,-6.5
20260523_154947_170601,18,2026_05_22_DesignCycle1_ep18,34,0.09659105375409126,0.11433190196752548,-1.4696875286102296,0.05390956741757691,0.06232941919006407,-1.5247830599546432,0.9799838471412659,1.1019762307405472,0.4911563265323639,0.30427103117108345,0.9915349268913269,1.1114791184663773,0.99263108253479,1.1106439977884293,0.23804663717746735,0.15437099244445562,0.2604010659456253,0.16555438563227654,0.8102985095977783,0.725108228623867,0.8675536465644836,0.7804854139685631,0.09398391276597977,0.09720323607325554,-6.333333333333334,-6.333333333333333
20260523_154947_170601,18,2026_05_22_DesignCycle1_ep18,35,0.07938666343688965,0.08646101877093315,-1.5728220081329345,0.05339780985377729,0.05941986828111112,-1.5793257057666779,1.0561369228363038,1.182329073548317,0.43683367609977725,0.279299957677722,1.0451727843284606,1.1653507500886917,1.0455281949043274,1.1706059724092484,0.22429749310016633,0.15493488125503063,0.2308323860168457,0.1639338918030262,0.6543274569511414,0.7236644923686981,0.6883324289321899,0.7560377866029739,0.09171586275100709,0.0964403236284852,-6.166666666666666,-6.166666666666667
20260523_154947_170601,18,2026_05_22_DesignCycle1_ep18,36,0.07716437011957168,0.07957123056054115,-1.6324278354644775,0.04937928286381066,0.05198361002840102,-1.6354314535856247,1.1391893386840821,1.2256982028484344,0.4234915482997894,0.2691167574375868,1.133242254257202,1.2352454364299774,1.1336104488372802,1.2342457324266434,0.20506297349929808,0.15480042062699795,0.20965844094753266,0.16075085569173098,0.788027994632721,0.68680340051651,0.798818736076355,0.7204166576266289,0.08956812381744385,0.09568439517170191,-6.0,-6.0
20260523_154947_170601,18,2026_05_22_DesignCycle1_ep18,37,0.07578423142433166,0.07771732181310653,-1.6866508531570434,0.05227914056740701,0.05687967245467007,-1.5982328802347183,1.245195608139038,1.207630604505539,0.3882838249206543,0.28429996222257614,1.2368490409851074,1.2004155665636063,1.2337835693359376,1.1981501281261444,0.20277256071567534,0.15065795183181763,0.20617142498493193,0.15315059386193752,0.7679043674468994,0.7504837885499,0.7764144086837769,0.7868415489792824,0.0874718564748764,0.09493996482342482,-5.833333333333334,-5.833333333333333
20260523_154947_170601,18,2026_05_22_DesignCycle1_ep18,38,0.054395814836025236,0.05431685894727707,-1.777928614616394,0.07086929399520159,0.0751695204526186,-1.5853639245033264,1.347523374557495,1.2294472455978394,0.3744618374109268,0.342039804905653,1.3365413284301757,1.2054020464420319,1.337892575263977,1.2062741965055466,0.1808489006757736,0.1800737977027893,0.17968933522701264,0.18423452600836754,0.6167404985427857,0.8845479041337967,0.6270184087753295,0.8987022340297699,0.0853968146443367,0.09421002957969904,-5.666666666666666,-5.666666666666667
20260523_154947_170601,18,2026_05_22_DesignCycle1_ep18,39,0.06929359897971153,0.0659344758093357,-1.8506320524215698,0.04261899599805474,0.046195274917408824,-1.643738567829132,1.423978672027588,1.2485431730747223,0.3866113841533661,0.2960898708552122,1.4270608139038086,1.2562330216169357,1.4277925062179566,1.2485693991184235,0.1913123297691345,0.14504713006317616,0.18550558030605316,0.1491455491632223,0.7528524017333984,0.6091318055987358,0.735743203163147,0.6174569129943848,0.08338896036148072,0.09349250327795744,-5.5,-5.5
20260523_154947_170601,18,2026_05_22_DesignCycle1_ep18,40,0.06016967788338661,0.06122265383601189,-1.91519033908844,0.044723008992150426,0.04956384049728513,-1.6573648750782013,1.5076078510284423,1.249700203537941,0.37664788722991943,0.32441696152091026,1.5015975093841554,1.2686146348714828,1.5022481536865235,1.2749142050743103,0.1774260377883911,0.15025547705590725,0.17773987472057343,0.1561115374788642,0.6956222462654114,0.6233724504709244,0.7008803582191467,0.6827606111764908,0.08144588768482208,0.09278377052396536,-5.333333333333334,-5.333333333333334
20260523_154947_170601,18,2026_05_22_DesignCycle1_ep18,41,0.07137580297887325,0.07137660525739192,-1.9606969499588012,0.04240862466394901,0.04518009745515883,-1.6540194302797318,1.6023868131637573,1.2743239104747772,0.3593097591400147,0.3066095430403948,1.5909525680541992,1.2558633834123611,1.5894234323501586,1.2521373480558395,0.1888442301750183,0.15953202918171883,0.18978789329528808,0.1647660918533802,0.81205801486969,0.5530790388584137,0.7983708167076111,0.583321325480938,0.0795609050989151,0.0920820664614439,-5.166666666666666,-5.166666666666667
20260523_154947_170601,18,2026_05_22_DesignCycle1_ep18,42,0.06647379875183106,0.06689163476228714,-2.0519516897201537,0.04649535857606679,0.048364995629526675,-1.668832615017891,1.6758779430389403,1.303555816411972,0.36294000923633574,0.30689955689013004,1.6685645008087158,1.302012711763382,1.6686273002624512,1.2976623624563217,0.1784693855047226,0.14316056948155165,0.1811397612094879,0.14549364987760782,0.7523567056655884,0.7676683664321899,0.7373206758499146,0.8121418207883835,0.07772132217884063,0.09139279555529356,-5.0,-5.0
20260523_154947_170601,18,2026_05_22_DesignCycle1_ep18,43,0.07729679301381111,0.0767564244568348,-2.146094102859497,0.038930549286305904,0.04097583517432213,-1.7151047885417938,1.7624823951721191,1.307988926768303,0.3745392453670502,0.3148327171802521,1.765095477104187,1.292376548051834,1.7639400577545166,1.2992699295282364,0.19509824335575104,0.13300531264394522,0.19418008863925934,0.13855076860636473,0.8399946522712708,0.6607345342636108,0.8320134377479553,0.7014580741524696,0.07595120668411255,0.09071977343410254,-4.833333333333333,-4.833333333333333
20260523_154947_170601,18,2026_05_22_DesignCycle1_ep18,44,0.0561979515850544,0.0538280963152647,-2.243477268218994,0.03919280460104346,0.04343910561874509,-1.7335589975118637,1.8814909982681274,1.344996765255928,0.3744598400592804,0.3316315487027168,1.8803712272644042,1.3463354259729385,1.8826763820648194,1.3438680768013,0.1757355010509491,0.14692582935094833,0.1716718578338623,0.15323432348668575,0.6719445371627808,0.5876832753419876,0.6521570992469787,0.6128280684351921,0.07426577061414719,0.09005874954164028,-4.666666666666666,-4.666666666666666
20260523_154947_170601,18,2026_05_22_DesignCycle1_ep18,45,0.06654685884714126,0.06738636381924153,-2.248304777145386,0.042380913626402617,0.04560349113307893,-1.752498522400856,1.9171371746063233,1.3585121482610703,0.3581481021642685,0.31540996953845024,1.9076344537734986,1.3545684665441513,1.9057825374603272,1.3573418855667114,0.17651684880256652,0.14734790287911892,0.17843617826700212,0.15378704573959112,0.7747749209403991,0.6404968947172165,0.7722980952262879,0.6501742526888847,0.07259948134422302,0.08941022586077452,-4.5,-4.5
20260523_154947_170601,18,2026_05_22_DesignCycle1_ep18,46,0.06693887501955033,0.06790688648819923,-2.3295755195617676,0.053490104619413614,0.055150617845356464,-1.80044224858284,1.9983880472183229,1.4215151369571686,0.38436052978038787,0.30175631679594517,1.995373158454895,1.4157539308071136,1.996241421699524,1.4116348177194595,0.17015503376722335,0.1324822846800089,0.17360479176044463,0.13669106550514698,0.8167717695236206,0.9068988636136055,0.8101764059066773,0.9238794669508934,0.07098228186368942,0.08877448085695505,-4.333333333333334,-4.333333333333334
20260523_154947_170601,18,2026_05_22_DesignCycle1_ep18,47,0.0869947200268507,0.08619039878249168,-2.3731377220153806,0.04885175381787121,0.05100338871125132,-1.7912148237228394,2.0620652723312376,1.4240944534540176,0.3796024113893509,0.305897518992424,2.053671669960022,1.415420800447464,2.053458743095398,1.4194157421588898,0.20691489815711975,0.1454795654863119,0.20426262617111207,0.14817866124212742,0.7942839217185974,0.6669107228517532,0.8082632899284363,0.6801987364888191,0.06943893790245056,0.08815201558172703,-4.166666666666667,-4.166666666666667
20260523_154947_170601,18,2026_05_22_DesignCycle1_ep18,48,0.07792488388717174,0.07657493263483048,-2.508184175491333,0.03197631239891052,0.034593050833791494,-1.7846497148275375,2.1786333560943603,1.3949736505746841,0.3920421981811523,0.34790635854005814,2.1800309514999388,1.4028408378362656,2.1804501533508303,1.3996156305074692,0.2012742453813553,0.1331997625529766,0.1981806778907776,0.138162131421268,0.7777574586868287,0.5156901702284813,0.7720970010757446,0.5172160118818283,0.06793457806110383,0.08754416275769472,-4.0,-4.0
20260523_154947_170601,18,2026_05_22_DesignCycle1_ep18,49,0.07225942350924015,0.0718274912238121,-2.5211526775360107,0.02996966685168445,0.031554282177239656,-1.8304342180490494,2.2184465503692627,1.4710125476121902,0.39670141875743864,0.30982017889618874,2.2072848510742187,1.4642308056354523,2.208691806793213,1.465303212404251,0.1817353880405426,0.13326718471944332,0.17740901291370392,0.13536159601062536,0.8250720357894897,0.4323864281177521,0.8340595769882202,0.4518566429615021,0.06648792088031769,0.08695228025317192,-3.833333333333333,-3.8333333333333335
20260523_154947_170601,18,2026_05_22_DesignCycle1_ep18,50,0.09136345848441124,0.08942065887153149,-2.583341703414917,0.03993889270350337,0.0406697706785053,-1.8343934267759323,2.2910977363586427,1.4782970398664474,0.39275762617588045,0.30519990250468254,2.2808579444885253,1.4725180566310883,2.2804862689971923,1.4714128822088242,0.18095655113458634,0.1494956910610199,0.1815580216050148,0.14813022129237652,0.9854099416732788,0.5757229998707771,0.9591521263122559,0.5877421721816063,0.06510211676359176,0.08636813797056675,-3.666666666666667,-3.666666666666667
20260523_154947_170601,18,2026_05_22_DesignCycle1_ep18,51,0.0811357256770134,0.08080034255981446,-2.640942163467407,0.04804729484021664,0.04593114880844951,-1.8457842320203781,2.3573367595672607,1.4896831810474396,0.3776014447212219,0.3345922566950321,2.3511098861694335,1.4836677461862564,2.351282081604004,1.4797355085611343,0.18091503620147706,0.15233426075428724,0.18259434163570404,0.1476137898862362,0.8368263530731201,0.6485929787158966,0.8457831430435181,0.6257607936859131,0.06375002086162568,0.08579129632562399,-3.5,-3.5
20260523_154947_170601,18,2026_05_22_DesignCycle1_ep18,52,0.05727951467037201,0.054442035853862765,-2.729220781326294,0.05236477172002196,0.05172291165217757,-1.9156738817691803,2.4533544063568113,1.5178005546331406,0.37536355793476106,0.3229166194796562,2.4580470943450927,1.5305308252573013,2.4564052963256837,1.5309338569641113,0.17278164029121398,0.1507114451378584,0.1677126932144165,0.15132597275078297,0.6595920276641846,0.7791662439703941,0.6455508995056153,0.7778949216008186,0.06243666857481003,0.08522826991975307,-3.333333333333333,-3.3333333333333335
20260523_154947_170601,18,2026_05_22_DesignCycle1_ep18,53,0.09359949238598347,0.0943789940327406,-2.764217119216919,0.06442815670743585,0.06266852444969118,-1.909065455198288,2.4919454669952392,1.5494921505451202,0.38272072315216066,0.3600936308503151,2.478155336380005,1.5446986258029938,2.4794703674316407,1.5442721098661423,0.19821998000144958,0.1635094415396452,0.19715722203254699,0.16563721746206284,0.9599926805496216,0.7694658041000366,0.9664925718307495,0.7434817999601364,0.06116517871618271,0.08467322215437889,-3.166666666666667,-3.1666666666666665
20260523_154947_170601,18,2026_05_22_DesignCycle1_ep18,54,0.07616275757551193,0.0746382088214159,-2.856970119476318,0.051431321538984776,0.04899627552367747,-1.9226450622081757,2.5854035091400145,1.5453360825777054,0.3797997736930847,0.3185708336532116,2.5862801551818846,1.5446848720312119,2.586643924713135,1.5463174283504486,0.18390149384737015,0.16118523851037025,0.1808392584323883,0.15636752266436815,0.8280098247528076,0.6412992551922798,0.8222418546676635,0.6184783950448036,0.059909820705652234,0.08412910252809525,-3.0,-3.0
20260523_154947_170601,18,2026_05_22_DesignCycle1_ep18,55,0.07528763651847839,0.07357994198799134,-2.9193801403045656,0.04911540076136589,0.048794901464134455,-1.945803239941597,2.6611575794219973,1.5946556329727173,0.41474407374858857,0.33977917581796646,2.659298076629639,1.5889286994934082,2.657373456954956,1.5903614610433578,0.17282728284597396,0.15406174398958683,0.1713211715221405,0.15491142962127924,0.8269156265258789,0.6375584527850151,0.8121113872528076,0.6267032101750374,0.0587080205976963,0.08359744027256966,-2.833333333333333,-2.833333333333333
20260523_154947_170601,18,2026_05_22_DesignCycle1_ep18,56,0.07941764436662196,0.07913566373288632,-2.973110303878784,0.02923236833885312,0.029760916018858552,-1.9190635979175568,2.6984187030792235,1.5824767053127289,0.40295674443244933,0.3074691742658615,2.69803768157959,1.5624429285526276,2.699266958236694,1.5637023746967316,0.18622492671012877,0.1331281466409564,0.18788587927818298,0.13745497446507215,0.8462071132659912,0.43958233296871185,0.845217547416687,0.43890541791915894,0.057543851137161255,0.08308287337422371,-2.666666666666666,-2.666666666666666
20260523_154947_170601,18,2026_05_22_DesignCycle1_ep18,57,0.08152388073503972,0.08073638327419758,-3.037234649658203,0.054261872079223394,0.05510232993401587,-1.9633591324090958,2.7899391651153564,1.632129818201065,0.4083223819732666,0.32856948859989643,2.777509641647339,1.6157073080539703,2.7793428993225096,1.617104411125183,0.17999236643314362,0.14646502118557692,0.17737577795982362,0.1449932809919119,0.8191577672958374,0.7456131875514984,0.8240148067474365,0.7754507064819336,0.05644269928336144,0.08257663995027542,-2.5,-2.5
20260523_154947_170601,18,2026_05_22_DesignCycle1_ep18,58,0.1006171715259552,0.10630314141511917,-3.0997419929504395,0.059468395076692104,0.06067774351686239,-2.0018694549798965,2.863122234344482,1.6270369738340378,0.4526304864883423,0.3685239143669605,2.8657107543945313,1.6297934353351593,2.8641733074188234,1.6311608850955963,0.1932303500175476,0.1505784820765257,0.20330808579921722,0.15217838808894157,1.0086864137649536,0.725693553686142,1.0355764532089233,0.7383205965161324,0.055390609055757524,0.08207566756755114,-2.333333333333333,-2.333333333333333
20260523_154947_170601,18,2026_05_22_DesignCycle1_ep18,59,0.094585225507617,0.09508428685367107,-3.1250806427001954,0.047952363500371575,0.05046957824379206,-2.0595053881406784,2.899949588775635,1.7154041528701782,0.407984157204628,0.32960060983896255,2.8922156047821046,1.7007115930318832,2.891110200881958,1.7016002088785172,0.18002621233463287,0.1453054752200842,0.18126558244228363,0.14912402722984552,0.9803775310516357,0.6842910051345825,0.9820031642913818,0.6966967135667801,0.05435707747936249,0.08158475253731012,-2.166666666666667,-2.166666666666667
