Run_ID,Episode,Ind_Q1_Loss,Ind_Q2_Loss,Ind_Policy_Loss,Pop_Q1_Loss,Pop_Q2_Loss,Pop_Policy_Loss
20260415_113926_882272,1,1.1445927364485604,1.1441672359194075,-0.4994060865470341,0,0,0
20260415_114510_081622,1,0.9205859363079072,0.9179477751255036,-0.5408463090658188,0,0,0
20260415_114510_081622,2,0.3027529186968292,0.3062142921345575,-1.330330835921424,0,0,0
20260415_114510_081622,3,0.2104529837767283,0.2092781969242625,-1.3065627018610635,0,0,0
20260415_120718_792112,4,0.7610980002653032,0.7654400900715873,-0.9892812144188654,0,0,0
20260415_120718_792112,5,0.32245310336351396,0.31823025465011595,-1.2913027334213256,0,0,0
20260415_120718_792112,6,0.19130586062868435,0.19240795175234476,-1.3135215918223062,0,0,0
20260415_120718_792112,7,0.3224550610517754,0.32406170907266,-1.4067555140046513,0,0,0
20260415_120718_792112,8,0.19731452679022765,0.19794239466771102,-1.3520799447328617,0,0,0
20260415_120718_792112,9,0.16515812277793884,0.1649922384156121,-1.5131096574995253,0,0,0
20260415_120718_792112,10,0.12785884246230125,0.13003275126218797,-1.6719229650497436,0,0,0
20260415_120718_792112,11,0.11961437555562172,0.12437568438638534,-1.9440039630447115,0,0,0
20260415_120718_792112,12,0.10887132334660311,0.10959088613019614,-2.2091468631244098,0,0,0
20260415_120718_792112,13,0.12962531676488137,0.12852993012586636,-2.4852934844458283,0,0,0
20260415_120718_792112,14,0.1069727074354887,0.1085673303136395,-2.7680574887328677,0,0,0
20260415_120718_792112,15,0.1068404302574121,0.10790401501342273,-3.0805610632285094,0,0,0
