Run_ID,Run_Start_Episode,Resume_Checkpoint,Episode,Ind_Q1_Loss,Ind_Q2_Loss,Ind_Policy_Loss,Pop_Q1_Loss,Pop_Q2_Loss,Pop_Policy_Loss,Ind_Q_Target_Mean,Pop_Q_Target_Mean,Ind_Q_Target_Std,Pop_Q_Target_Std,Ind_Q1_Prediction_Mean,Pop_Q1_Prediction_Mean,Ind_Q2_Prediction_Mean,Pop_Q2_Prediction_Mean,Ind_Q1_TD_Abs_Mean,Pop_Q1_TD_Abs_Mean,Ind_Q2_TD_Abs_Mean,Pop_Q2_TD_Abs_Mean,Ind_Q1_TD_Abs_Max,Pop_Q1_TD_Abs_Max,Ind_Q2_TD_Abs_Max,Pop_Q2_TD_Abs_Max,Ind_Alpha,Pop_Alpha,Ind_Target_Entropy,Pop_Target_Entropy
20260518_182230_697003,0,2026_05_18_DesignCycle0_ep76,1,0.13713807612657547,0.13330677490342746,-2.0194364461031826,0.07496309373527765,0.07052672421559691,-1.718048706650734,1.4556154337796299,1.267207309603691,0.5258552892641588,0.28012641705572605,1.4645502458919177,1.2518671154975891,1.4707162922078914,1.2609253972768784,0.28595191782171075,0.18419462628662586,0.28071395646442066,0.1789702121168375,0.931804131377827,0.9102897495031357,0.9329748262058605,0.8389595746994019,0.09940271147272804,0.09955120366066694,-6.833333333333332,-6.833333333333333
20260518_182230_697003,0,2026_05_18_DesignCycle0_ep76,2,0.11586564823108561,0.11869025230407715,-1.974853417452644,0.049193498911336064,0.0471706313546747,-1.7598408907651901,1.4110549828585457,1.3133757710456848,0.46713002113734975,0.2958627548068762,1.3907907079247868,1.3055647909641266,1.3958016002879423,1.3023568242788315,0.2668030261993408,0.14963201899081469,0.2698993542615105,0.14538502972573042,0.818237585179946,0.74138493090868,0.8379059083321515,0.7293757274746895,0.09803931765696582,0.09875889588147402,-6.666666666666667,-6.666666666666667
20260518_182230_697003,0,2026_05_18_DesignCycle0_ep76,3,0.11365478790619156,0.11030276661569421,-2.1055298122492703,0.06722309533506632,0.06309459870681167,-1.8039725124835968,1.590211640704762,1.360091045498848,0.4483825672756542,0.3024889715015888,1.5896292599764736,1.3643094599246979,1.587454454465346,1.357949584722519,0.260305869308385,0.17495400086045265,0.25663454695181415,0.17088433168828487,0.8546362302520059,0.9054775387048721,0.8503068902275779,0.8323060870170593,0.09617744928056543,0.09797601867467165,-6.5,-6.5
20260518_182230_697003,0,2026_05_18_DesignCycle0_ep76,4,0.09859133362770081,0.0953253898024559,-2.1758242893218993,0.07101101661100984,0.06826351536437869,-1.836623191833496,1.6828004598617554,1.3799714744091034,0.4309269404411316,0.34619391337037086,1.67998188495636,1.3916180580854416,1.6812193822860717,1.3870080411434174,0.2353007060289383,0.18047094345092773,0.23080711901187898,0.1760081835091114,0.8519355630874634,0.8714772090315819,0.8366080474853516,0.8664238378405571,0.0939660695195198,0.09720282815396786,-6.333333333333334,-6.333333333333333
20260518_182230_697003,0,2026_05_18_DesignCycle0_ep76,5,0.0943104512989521,0.09203063294291497,-2.2156628370285034,0.0701990514062345,0.06255707750096917,-1.8890905976295471,1.7501415014266968,1.4348956793546677,0.44786556959152224,0.3390537351369858,1.7460695314407348,1.445127010345459,1.7462842178344726,1.46113882958889,0.22672990560531617,0.1943406891077757,0.22257337093353272,0.18583831191062927,0.881456503868103,0.769742339849472,0.8631607007980346,0.7372532039880753,0.09169801086187362,0.09644261840730906,-6.166666666666666,-6.166666666666667
20260518_182230_697003,0,2026_05_18_DesignCycle0_ep76,6,0.07864671185612679,0.08178311005234719,-2.2926480388641357,0.06831500679254532,0.06971264444291592,-1.7909991443157196,1.8694388675689697,1.4199171364307404,0.4146915912628174,0.3568829223513603,1.8560132312774658,1.360323205590248,1.8550014305114746,1.3713871240615845,0.2168571722507477,0.18298403173685074,0.2231108582019806,0.1844299379736185,0.7195288610458374,0.8647339791059494,0.7193131613731384,0.8917108178138733,0.08948943018913269,0.09569361712783575,-6.0,-6.0
20260518_182230_697003,0,2026_05_18_DesignCycle0_ep76,7,0.08856267705559731,0.08899503037333488,-2.3760349273681642,0.040566602954640985,0.04426508699543774,-1.9313518553972244,1.9602096843719483,1.5136048942804337,0.42943843483924865,0.2874292153865099,1.9581193399429322,1.5235857963562012,1.9566660881042481,1.5021903812885284,0.2131080561876297,0.15172739513218403,0.21565143406391143,0.15691791009157896,0.8672373175621033,0.5232943072915077,0.8699425315856933,0.5462745949625969,0.08736414819955826,0.09495533723384142,-5.833333333333334,-5.833333333333333
20260518_182230_697003,0,2026_05_18_DesignCycle0_ep76,8,0.10242827907204628,0.10218241959810256,-2.4519002342224123,0.06462854379788041,0.06543250614777207,-1.9449699521064758,2.068312087059021,1.527108371257782,0.4184327614307404,0.3317208010703325,2.0624831104278565,1.5294348895549774,2.063354949951172,1.5281660854816437,0.223479443192482,0.16658023558557034,0.22643252730369567,0.17174718528985977,0.9739673733711243,0.849174752831459,0.9530986309051513,0.8306611552834511,0.08531796127557754,0.09422734566032887,-5.666666666666666,-5.666666666666667
20260518_182230_697003,0,2026_05_18_DesignCycle0_ep76,9,0.07532340958714485,0.07470959395170212,-2.533311529159546,0.05278144753538072,0.053185007302090526,-1.9756392389535904,2.1636313152313233,1.5579939484596252,0.4280006700754166,0.2955478373914957,2.1638752937316896,1.566920906305313,2.163425760269165,1.5740428864955902,0.2007223528623581,0.1567343408241868,0.1996977984905243,0.15936211310327053,0.7588089776039123,0.6499078199267387,0.7349969506263733,0.6626967340707779,0.08331428170204162,0.09351080283522606,-5.5,-5.5
20260518_182230_697003,0,2026_05_18_DesignCycle0_ep76,10,0.08622013494372367,0.08499091848731041,-2.582915210723877,0.0537692338693887,0.054300010902807117,-1.9949412792921066,2.224186429977417,1.574405774474144,0.4062196731567383,0.36000577360391617,2.2175802516937257,1.5668206810951233,2.2181189012527467,1.568265974521637,0.2095168960094452,0.15737872570753098,0.20842672944068907,0.16004877164959908,0.8023063492774963,0.7141265124082565,0.8014884448051453,0.7083947509527206,0.0813609430193901,0.09280744101852179,-5.333333333333334,-5.333333333333334
20260518_182230_697003,0,2026_05_18_DesignCycle0_ep76,11,0.07391022726893424,0.07341690428555012,-2.6703101062774657,0.06424276391044259,0.06479436252266169,-1.9971972405910492,2.3234249210357665,1.5954257249832153,0.3771648669242859,0.3257621433585882,2.315891799926758,1.5845984816551208,2.3168774700164794,1.5808266401290894,0.19873335540294648,0.16044231317937374,0.19821011483669282,0.164202731102705,0.762804765701294,0.9444492757320404,0.7392910146713256,0.9191680401563644,0.07947116166353226,0.09211585205048323,-5.166666666666666,-5.166666666666667
20260518_182230_697003,0,2026_05_18_DesignCycle0_ep76,12,0.08730778262019158,0.0863976638019085,-2.7483532428741455,0.0712203208822757,0.0711717288941145,-2.0278413891792297,2.396090660095215,1.6107089966535568,0.44121348977088926,0.3216963615268469,2.404522409439087,1.6231772601604462,2.4033652400970458,1.6208290308713913,0.1963061672449112,0.16529348399490118,0.1950595635175705,0.1647569127380848,0.9143599462509155,0.9794691279530525,0.9083365058898926,0.9841739386320114,0.07766825854778289,0.09143306501209736,-5.0,-5.0
20260518_182230_697003,0,2026_05_18_DesignCycle0_ep76,13,0.07439111098647118,0.07241202488541604,-2.8067496395111085,0.05645777517929673,0.05739202746190131,-2.041158512234688,2.4720053482055664,1.653591737151146,0.38755046486854555,0.32010701671242714,2.459209156036377,1.6411594599485397,2.460483293533325,1.6401236057281494,0.1952544116973877,0.1696548666805029,0.1929602688550949,0.17171264067292213,0.7854499197006226,0.6388996541500092,0.7513223266601563,0.6524218916893005,0.07592230796813965,0.09076344408094883,-4.833333333333333,-4.833333333333333
20260518_182230_697003,0,2026_05_18_DesignCycle0_ep76,14,0.06292277477681636,0.06108579263091087,-2.8873286628723145,0.05874519841745496,0.05818889522925019,-2.055176928639412,2.5775233936309814,1.6656517684459686,0.37487433791160585,0.38858773186802864,2.573286542892456,1.6382612586021423,2.572404356002808,1.6383091807365417,0.1802816194295883,0.17688611522316933,0.17823414444923402,0.17446562834084034,0.6943798875808715,0.7145849540829659,0.6760821151733398,0.7137788385152817,0.07425316870212555,0.0901056993752718,-4.666666666666666,-4.666666666666666
20260518_182230_697003,0,2026_05_18_DesignCycle0_ep76,15,0.07806741327047348,0.07724839404225349,-2.9629003047943114,0.05773500190116465,0.059843241004273295,-2.0756803900003433,2.626087102890015,1.6842333674430847,0.4156301784515381,0.32981355115771294,2.6295739936828615,1.6829095482826233,2.628829822540283,1.6817914247512817,0.2024211823940277,0.15385522320866585,0.20066915452480316,0.15976913645863533,0.7558356904983521,0.67451611161232,0.7422037601470948,0.6671425923705101,0.07260988414287567,0.08946124278008938,-4.5,-4.5
20260518_182230_697003,0,2026_05_18_DesignCycle0_ep76,16,0.11421171739697457,0.11085070207715035,-3.0047986698150635,0.055003267247229815,0.056138538755476475,-2.128338038921356,2.702738904953003,1.75072780251503,0.4305515122413635,0.2915941048413515,2.6891225719451906,1.741082340478897,2.6922764205932617,1.7444700449705124,0.2138596698641777,0.1722125168889761,0.2093167519569397,0.17629881016910076,1.060598931312561,0.7250466197729111,1.0612660694122313,0.7131982445716858,0.07104087322950363,0.08882941771298647,-4.333333333333334,-4.333333333333334
20260518_182230_697003,0,2026_05_18_DesignCycle0_ep76,17,0.07107478156685829,0.07182144187390804,-3.0733148002624513,0.0785318654961884,0.07763677975162864,-2.160250574350357,2.7640077877044678,1.7615602165460587,0.41935139775276187,0.35594495944678783,2.7642503929138185,1.7726418375968933,2.761836929321289,1.7758834511041641,0.17496221303939818,0.19425652921199799,0.17724036872386933,0.1898323893547058,0.7823888063430786,0.8231706470251083,0.7896293187141419,0.8274975568056107,0.06952534765005111,0.0882068146020174,-4.166666666666667,-4.166666666666667
20260518_182230_697003,0,2026_05_18_DesignCycle0_ep76,18,0.10740730710327626,0.1055259221792221,-3.131889638900757,0.06972583942115307,0.07292982772924006,-2.14667084813118,2.8426992321014404,1.7702429294586182,0.4148655271530151,0.37627589516341686,2.827844820022583,1.7656901329755783,2.8301979732513427,1.7597533017396927,0.21018418848514556,0.1759274434298277,0.20663631975650787,0.18248211964964867,0.9698784208297729,0.8545656800270081,0.958941912651062,0.8599283695220947,0.06806577444076538,0.08758884109556675,-4.0,-4.0
20260518_182230_697003,0,2026_05_18_DesignCycle0_ep76,19,0.1386946777999401,0.1359752218425274,-3.2086161613464355,0.06716717197559774,0.06612763274461031,-2.2027754485607147,2.92063756942749,1.8219735771417618,0.4301675862073898,0.3544934280216694,2.9086922550201417,1.8092786818742752,2.9077042865753175,1.8073723018169403,0.23046746492385864,0.16961988620460033,0.22573329925537108,0.1703305607661605,1.1072068309783936,0.8524112850427628,1.0954803180694581,0.8374965935945511,0.06662930816411972,0.08697845321148634,-3.833333333333333,-3.8333333333333335
20260518_182230_697003,0,2026_05_18_DesignCycle0_ep76,20,0.11836016811430454,0.12050523146986962,-3.310456247329712,0.06876569660380483,0.0684355329722166,-2.2376664578914642,3.0096876716613767,1.862303152680397,0.4266845864057541,0.3783254958689213,3.0195820999145506,1.8482948690652847,3.0197455215454103,1.843615099787712,0.21705241560935973,0.18543098308146,0.21922313928604126,0.18571191281080246,0.9910622310638427,0.7886299565434456,1.010593252182007,0.7959489226341248,0.06523672193288803,0.08637936785817146,-3.666666666666667,-3.666666666666667
20260518_182230_697003,0,2026_05_18_DesignCycle0_ep76,21,0.08287030532956123,0.08072884686291218,-3.335821580886841,0.05327183939516544,0.057352047646418214,-2.2657120525836945,3.0671588230133056,1.9104847609996796,0.43631664633750916,0.30432759039103985,3.0581437397003173,1.897780641913414,3.0580717945098876,1.8928379565477371,0.18006099194288253,0.16708428040146828,0.1779217916727066,0.17525055073201656,0.9167078661918641,0.6777113676071167,0.9051827549934387,0.6863979548215866,0.0638872492313385,0.08579553291201591,-3.5,-3.5
20260518_182230_697003,0,2026_05_18_DesignCycle0_ep76,22,0.10451479613780976,0.1084620974957943,-3.42224139213562,0.08263573329895735,0.08364117378368974,-2.275145947933197,3.1406542110443114,1.9280503392219543,0.47029154777526855,0.32257289811968803,3.1401362895965574,1.9226917773485184,3.1406469440460203,1.9227844923734665,0.20221361994743348,0.19247654639184475,0.2080158472061157,0.1924676764756441,1.0314733004570007,0.8464987576007843,1.044754626750946,0.8440293967723846,0.06257935777306557,0.08523011207580566,-3.333333333333333,-3.3333333333333335
20260518_182230_697003,0,2026_05_18_DesignCycle0_ep76,23,0.07024990573525429,0.06974393427371979,-3.492056407928467,0.05788974370807409,0.05908023891970515,-2.3362770080566406,3.217874774932861,1.96381576359272,0.4053234326839447,0.31718101166188717,3.2206561851501463,1.9644057303667068,3.2199184608459475,1.9697200059890747,0.17149361312389375,0.16317863762378693,0.1694179481267929,0.16498134285211563,0.7897195625305176,0.6797896027565002,0.7738273239135742,0.7025361210107803,0.06133140116930008,0.08467534370720387,-3.166666666666667,-3.1666666666666665
20260518_182230_697003,0,2026_05_18_DesignCycle0_ep76,24,0.12171044088900089,0.11913697719573975,-3.5162772846221926,0.036730521358549595,0.03756036818958819,-2.3759591579437256,3.279150619506836,2.0087389051914215,0.4103030091524124,0.2872230038046837,3.26407940864563,2.008051425218582,3.2670909690856935,2.0119756907224655,0.22802093446254731,0.14694920554757118,0.22300806760787964,0.14701876509934664,0.9149125862121582,0.4687904864549637,0.9079107856750488,0.5000207796692848,0.06013365045189858,0.08412683196365833,-3.0,-3.0
20260518_182230_697003,0,2026_05_18_DesignCycle0_ep76,25,0.16932955175638198,0.17183347925543785,-3.5921374797821044,0.06425436516292393,0.06415322492830455,-2.3887841999530792,3.3415616512298585,2.026915594935417,0.49170115232467654,0.3605530112981796,3.3418428230285646,2.014505013823509,3.338466835021973,2.017004981637001,0.22680322587490082,0.16659875493496656,0.23326598703861237,0.1656318809837103,1.4334415221214294,0.8687230944633484,1.4347063279151917,0.8634979203343391,0.05895329013466835,0.08359077852219343,-2.833333333333333,-2.833333333333333
20260518_182230_697003,0,2026_05_18_DesignCycle0_ep76,26,0.07521155335009098,0.07399461925029754,-3.6859642124176024,0.04910843190737069,0.04927543504163623,-2.4120796024799347,3.4440438652038576,2.0437570810317993,0.38469045639038085,0.32393149472773075,3.4342429733276365,2.0510904490947723,3.4322570037841795,2.0518519431352615,0.19834436237812042,0.14544097986072302,0.19959717452526093,0.14571567345410585,0.7548803472518921,0.7097285091876984,0.7309359741210938,0.7143656760454178,0.05781060174107552,0.08306654542684555,-2.666666666666666,-2.666666666666666
20260518_182230_697003,0,2026_05_18_DesignCycle0_ep76,27,0.13369051456451417,0.13970608308911323,-3.7193290328979494,0.05078073660843074,0.051415284629911184,-2.395930200815201,3.481028366088867,2.0323372185230255,0.4394950824975967,0.3378140889108181,3.475387487411499,2.025639981031418,3.4746806526184084,2.0224103778600693,0.21004173368215562,0.1555716097354889,0.21883109897375108,0.1546277068555355,1.15322448015213,0.6807421147823334,1.1734403204917907,0.7007128447294235,0.05669740214943886,0.08255280740559101,-2.5,-2.5
20260518_182230_697003,0,2026_05_18_DesignCycle0_ep76,28,0.14406952135264872,0.14724032498896122,-3.767487201690674,0.06835757871158421,0.06635859073139727,-2.4221952855587006,3.540383596420288,2.05418798327446,0.4469064253568649,0.3190909717231989,3.529330224990845,2.054290622472763,3.5297813606262207,2.0527531504631042,0.20955812692642212,0.1532899970188737,0.21463072448968887,0.14785216096788645,1.2436026287078858,0.9082241505384445,1.2379510354995729,0.9004748314619064,0.05562867134809494,0.0820502769201994,-2.333333333333333,-2.333333333333333
20260518_182230_697003,0,2026_05_18_DesignCycle0_ep76,29,0.07646137148141861,0.07987719587981701,-3.896838140487671,0.06928682280704379,0.06662199436686933,-2.4717822670936584,3.641302843093872,2.110509440302849,0.40023942589759826,0.349118422716856,3.648124828338623,2.1057080775499344,3.6503292083740235,2.10618756711483,0.16761382848024367,0.15466135181486607,0.16967347979545594,0.15333438478410244,0.7691117668151856,0.9443789273500443,0.793402099609375,0.9153177738189697,0.05457110434770584,0.08155669365078211,-2.166666666666667,-2.166666666666667
20260518_182230_697003,0,2026_05_18_DesignCycle0_ep76,30,0.0929159053042531,0.09377279099076986,-3.935204362869263,0.06128691020421684,0.06141788070090115,-2.537536472082138,3.7148970127105714,2.1548284590244293,0.36147861421108246,0.37962242402136326,3.7028596115112307,2.161661148071289,3.7012080764770507,2.1634278297424316,0.1705837655067444,0.1644191388040781,0.17359470278024675,0.16313716489821672,0.8978740119934082,0.7689987421035767,0.8954738903045655,0.7758682817220688,0.053597242385149,0.08107460662722588,-2.0,-2.0
20260518_182230_697003,0,2026_05_18_DesignCycle0_ep76,31,0.07461231648921966,0.07282013580203056,-3.9880138301849364,0.062111913692206144,0.05965814460068941,-2.514676421880722,3.7867315006256104,2.1675553619861603,0.3816908198595047,0.33197614923119545,3.784107189178467,2.1557015776634216,3.7849957084655763,2.157904624938965,0.18923554539680482,0.16487749014049768,0.1878000181913376,0.15782025642693043,0.7112056493759156,0.8126936554908752,0.7104432773590088,0.8121298253536224,0.05265961661934852,0.08060716185718775,-2.0,-2.0
20260518_182230_697003,0,2026_05_18_DesignCycle0_ep76,32,0.1304803292453289,0.13249175995588303,-4.047581691741943,0.038209866266697645,0.038057138910517097,-2.588327258825302,3.824944200515747,2.235524296760559,0.4222846537828445,0.2966211922466755,3.829299097061157,2.234226942062378,3.8292969608306886,2.2334775626659393,0.1996053382754326,0.14880660735070705,0.20355094820261002,0.14866911992430687,1.057274236679077,0.5059783607721329,1.0675729084014893,0.502478688955307,0.05170018136501312,0.08014739584177732,-2.0,-2.0
20260518_182230_697003,0,2026_05_18_DesignCycle0_ep76,33,0.126093233153224,0.12425491273403168,-4.100813255310059,0.06938032293692231,0.07013081479817629,-2.618686616420746,3.9016180515289305,2.262929469347,0.40303579211235047,0.36128389090299606,3.8919083881378174,2.2751635313034058,3.8918322277069093,2.2733582854270935,0.18925668627023698,0.16354428231716156,0.18745737463235856,0.16537372954189777,1.103853554725647,0.8057320564985275,1.0947498655319214,0.8183854073286057,0.05075462237000465,0.07968185562640429,-2.0,-2.0
20260518_182230_697003,0,2026_05_18_DesignCycle0_ep76,34,0.0670116352289915,0.06654191002249718,-4.147948741912842,0.05713950074277818,0.05778505094349384,-2.629815101623535,3.9343874263763428,2.2785849571228027,0.363054136633873,0.3437143415212631,3.936378908157349,2.2721318006515503,3.9363433361053466,2.274330109357834,0.16921630531549453,0.15939313638955355,0.16732600063085556,0.16094552539288998,0.7127515625953674,0.7099849432706833,0.7105198931694031,0.7280363589525223,0.04981172069907189,0.07921241875737906,-2.0,-2.0
20260518_182230_697003,0,2026_05_18_DesignCycle0_ep76,35,0.18528265856206416,0.18983736269176008,-4.1733392715454105,0.04209082038141787,0.0409688709769398,-2.6719982624053955,3.995647315979004,2.305170774459839,0.46234065771102906,0.37542605213820934,3.9723159790039064,2.3056598901748657,3.972453203201294,2.3059368431568146,0.25545967876911163,0.15195167623460293,0.2588107842206955,0.1520863976329565,1.35272310256958,0.5918027013540268,1.377916088104248,0.5629523992538452,0.048877539038658144,0.07874483335763216,-2.0,-2.0
20260518_182230_697003,0,2026_05_18_DesignCycle0_ep76,36,0.16031910970807076,0.16600701481103897,-4.245772294998169,0.10970778949558735,0.11124855466187,-2.6309121549129486,4.051600303649902,2.274941712617874,0.4125570696592331,0.404485622420907,4.0516602897644045,2.271270900964737,4.049369373321533,2.2717753648757935,0.23848520815372468,0.18888248689472675,0.24167892396450041,0.18905522674322128,1.1183732986450194,1.134794294834137,1.1219095516204833,1.1295356452465057,0.047963856607675555,0.07828369829803705,-2.0,-2.0
20260518_182230_697003,0,2026_05_18_DesignCycle0_ep76,37,0.15728207364678382,0.15963091358542442,-4.29016658782959,0.09147686883807182,0.08619404956698418,-2.6533457934856415,4.1010455226898195,2.320934474468231,0.47381975650787356,0.34767153300344944,4.104505100250244,2.3021871149539948,4.103748197555542,2.299808591604233,0.21828547418117522,0.18904549814760685,0.2199436169862747,0.17760053649544716,1.2349296760559083,0.9811970144510269,1.2462791728973388,0.9517699927091599,0.04706584930419922,0.07783018052577972,-2.0,-2.0
20260518_182230_697003,0,2026_05_18_DesignCycle0_ep76,38,0.09258060581982136,0.09589610859751702,-4.364860935211182,0.06982202338986099,0.06699762609787285,-2.719626724720001,4.160732021331787,2.3986116647720337,0.40656920611858366,0.34189565293490887,4.1636501121521,2.3790959119796753,4.166314945220948,2.3831355273723602,0.18419186800718307,0.1718018837273121,0.18516684770584108,0.1621019970625639,0.8781782150268554,0.8754535764455795,0.9088602161407471,0.8715028613805771,0.04620117887854576,0.07737639173865318,-2.0,-2.0
20260518_182230_697003,0,2026_05_18_DesignCycle0_ep76,39,0.15116684727370738,0.15782154895365239,-4.389262657165528,0.04407108295708895,0.04317137412726879,-2.7578091621398926,4.221089572906494,2.4436406195163727,0.45435584664344786,0.3389573432505131,4.210202617645264,2.431541860103607,4.208060445785523,2.4289017021656036,0.2109012645483017,0.15690946206450462,0.21583353400230407,0.15595989115536213,1.2695844841003419,0.5511914193630219,1.2936521434783936,0.5410744547843933,0.0453470578789711,0.07691929209977388,-2.0,-2.0
20260518_182230_697003,0,2026_05_18_DesignCycle0_ep76,41,0.09499015271663666,0.09504034161567688,-2.452794313430786,0.11061131861060858,0.10608377773314714,-1.2073399871587753,2.096316862106323,0.8355594277381897,0.37666456699371337,0.36694295704364777,2.0821927690505984,0.8082062676548958,2.0801715517044066,0.8126743137836456,0.2252037853002548,0.2481969501823187,0.22309962868690492,0.24112281948328018,0.8610680961608886,0.9551124535501003,0.8926649522781372,0.9376629218459129,0.09870806396007538,0.09955090656876564,-6.833333333333334,-6.833333333333333
20260518_182230_697003,0,2026_05_18_DesignCycle0_ep76,42,0.0920988716185093,0.09185454711318015,-2.5041221046447752,0.07104565249755979,0.07139461487531662,-1.2293690294027328,2.13701557636261,0.8568754345178604,0.3757384181022644,0.3047179188579321,2.134458065032959,0.8610174730420113,2.1358338451385497,0.8559303507208824,0.21705833494663238,0.20214090310037136,0.21817726910114288,0.2014918029308319,0.8565578889846802,0.6831288486719131,0.8479932737350464,0.6985115185379982,0.0962679785490036,0.09875831007957458,-6.666666666666666,-6.666666666666667
20260518_182230_697003,0,2026_05_18_DesignCycle0_ep76,43,0.10854437455534935,0.1112709978222847,-2.5416591358184815,0.09294137638062239,0.09098538290709257,-1.2689157277345657,2.173108468055725,0.8682167902588844,0.3926815062761307,0.3618181087076664,2.1784017181396482,0.8676698133349419,2.1781019020080565,0.8743562623858452,0.21956973791122436,0.23091169260442257,0.21976870715618133,0.23187443614006042,1.0661856079101562,0.804566465318203,1.1090563392639161,0.7674684002995491,0.09390786170959473,0.09797494485974312,-6.5,-6.5
20260518_182230_697003,0,2026_05_18_DesignCycle0_ep76,44,0.129154072701931,0.12934107810258866,-2.5713253307342527,0.08570720488205552,0.0844764681532979,-1.2776624411344528,2.2170290660858156,0.9059409275650978,0.4250809973478317,0.37625615671277046,2.2130088329315187,0.8601116240024567,2.213701457977295,0.8593209534883499,0.2482341408729553,0.20506427995860577,0.24757297933101655,0.20393960364162922,1.0916408538818358,0.9277039244771004,1.0843791341781617,0.9159871861338615,0.09160935699939728,0.09720487706363201,-6.333333333333334,-6.333333333333333
20260518_182230_697003,0,2026_05_18_DesignCycle0_ep76,45,0.10563289418816567,0.1073020002245903,-2.6385719871520994,0.11154359579086304,0.11240868084132671,-1.3619242012500763,2.291714792251587,0.9207922592759132,0.43748559594154357,0.4097391217947006,2.2806699657440186,0.9621948525309563,2.2787390327453614,0.9547690078616142,0.21936659395694733,0.24045378156006336,0.22057339489459993,0.24072455428540707,1.0335352945327758,1.0545069500803947,1.0337366151809693,1.036769486963749,0.08939955055713654,0.09644384309649467,-6.166666666666666,-6.166666666666667
20260518_182230_697003,0,2026_05_18_DesignCycle0_ep76,46,0.0994136592000723,0.09965728245675563,-2.690064926147461,0.0972369178198278,0.09656756930053234,-1.2839141190052032,2.343553857803345,0.9020302146673203,0.3827595221996307,0.35598134249448776,2.3409011268615725,0.8769890740513802,2.339333209991455,0.879795752465725,0.21958717763423918,0.22940867953002453,0.2185275971889496,0.22758654318749905,0.8846480655670166,0.7925522923469543,0.88794930934906,0.8321269974112511,0.08729029595851898,0.09569709561765194,-6.0,-6.0
20260518_182230_697003,0,2026_05_18_DesignCycle0_ep76,47,0.12749969601631164,0.1287707978487015,-2.720709648132324,0.10100167989730835,0.10029731737449765,-1.3893355280160904,2.3969159507751465,0.9587238654494286,0.40803489208221433,0.3858951926231384,2.3783228492736814,0.9684408530592918,2.3811996364593506,0.9706913754343987,0.23315033733844756,0.23372120037674904,0.2342660093307495,0.23175526224076748,1.1436323022842407,0.8260394185781479,1.1339629411697387,0.7977679446339607,0.08525454908609391,0.09496739879250526,-5.833333333333334,-5.833333333333333
20260518_182230_697003,0,2026_05_18_DesignCycle0_ep76,48,0.12489403411746025,0.1246444895863533,-2.7696524047851563,0.1197746992111206,0.12033396493643522,-1.2828528434038162,2.418804225921631,0.9513474181294441,0.43959927320480346,0.3838159888982773,2.4267887115478515,0.9111553132534027,2.4256315135955813,0.9107076525688171,0.2370452719926834,0.24832352809607983,0.24052622377872468,0.24942264705896378,1.1521626663208009,0.946729764342308,1.1274723243713378,0.9435142129659653,0.08324635535478592,0.09425221476703882,-5.666666666666666,-5.666666666666667
20260518_182230_697003,0,2026_05_18_DesignCycle0_ep76,49,0.11516188561916352,0.11642427638173103,-2.785451068878174,0.09947184706106782,0.10048612393438816,-1.4168829172849655,2.4853172969818114,1.0373608842492104,0.4328669166564941,0.3667046781629324,2.4701790046691894,1.0495432764291763,2.4694133472442625,1.04810531437397,0.2283808296918869,0.23127712309360504,0.22838826298713685,0.23013101890683174,1.0559388780593872,0.8490168750286102,1.0709240055084228,0.8611418604850769,0.08132915109395981,0.09354498144239187,-5.5,-5.5
20260518_182230_697003,0,2026_05_18_DesignCycle0_ep76,50,0.16825894728302956,0.16936478331685068,-2.8161825847625734,0.09336692374199629,0.09153583506122231,-1.3330431133508682,2.503587255477905,0.9932610467076302,0.4662590765953064,0.377576369792223,2.5054963207244874,0.9591932818293571,2.5063985633850097,0.9599951952695847,0.24655455946922303,0.21935795433819294,0.2494240427017212,0.21790145710110664,1.390453109741211,0.9050604477524757,1.4038720417022705,0.882546566426754,0.07948028326034545,0.09284829534590244,-5.333333333333334,-5.333333333333334
20260518_182230_697003,0,2026_05_18_DesignCycle0_ep76,51,0.10623528391122818,0.10824624851346015,-2.909435300827026,0.10495376493781805,0.10320851532742381,-1.3731689751148224,2.5995718002319337,0.9810729771852493,0.42103781819343566,0.3652973957359791,2.5957658767700194,0.9744219332933426,2.5948878574371337,0.9729531183838844,0.22184776186943053,0.22809867560863495,0.22490659594535828,0.22852921299636364,0.9696851444244384,1.0476256236433983,0.993342776298523,1.0273286178708076,0.07769929975271225,0.09216140676289797,-5.166666666666666,-5.166666666666667
