Run_ID,Run_Start_Episode,Resume_Checkpoint,Episode,Ind_Q1_Loss,Ind_Q2_Loss,Ind_Policy_Loss,Pop_Q1_Loss,Pop_Q2_Loss,Pop_Policy_Loss,Ind_Q_Target_Mean,Pop_Q_Target_Mean,Ind_Q_Target_Std,Pop_Q_Target_Std,Ind_Q1_Prediction_Mean,Pop_Q1_Prediction_Mean,Ind_Q2_Prediction_Mean,Pop_Q2_Prediction_Mean,Ind_Q1_TD_Abs_Mean,Pop_Q1_TD_Abs_Mean,Ind_Q2_TD_Abs_Mean,Pop_Q2_TD_Abs_Mean,Ind_Q1_TD_Abs_Max,Pop_Q1_TD_Abs_Max,Ind_Q2_TD_Abs_Max,Pop_Q2_TD_Abs_Max,Ind_Alpha,Pop_Alpha,Ind_Target_Entropy,Pop_Target_Entropy
20260524_140215_986908,0,2026_05_23_DesignCycle2_ep60,1,0.2889877998016097,0.2847163013436578,-3.017165790904652,0.1162337968125939,0.120636629872024,-2.5684656500816345,2.215615836056796,2.240740120410919,0.6322629776867953,0.3681336976587772,2.225324825807052,2.188247740268708,2.2303596409884365,2.1848835349082947,0.4042934829538518,0.2638982012867927,0.4039268331094222,0.2708562947809696,1.3976772048256614,0.9914934635162354,1.331232797015797,1.0049358904361725,0.0994022373448718,0.0995508935302496,-6.833333333333332,-6.833333333333333
20260524_140215_986908,0,2026_05_23_DesignCycle2_ep60,2,0.2332120108253815,0.2324777644346742,-2.811230378992417,0.1063177790492773,0.1061582425609231,-2.6799877285957336,2.190727100652807,2.263243108987808,0.6334793111857246,0.3750547170639038,2.177295257063473,2.267649680376053,2.175441103823045,2.274560034275055,0.3583545886418399,0.239394262433052,0.3590734110159032,0.2398324608802795,1.366634446031907,0.8981743603944778,1.335895531317767,0.8988849073648453,0.0980286475490121,0.0987579403445124,-6.666666666666667,-6.666666666666667
20260524_140215_986908,0,2026_05_23_DesignCycle2_ep60,3,0.1648476100103421,0.1634042760865255,-2.794251463629983,0.1164183290675282,0.1198619669303298,-2.6716230511665344,2.2620631673119287,2.231456220149994,0.5660859089006077,0.4413831047713756,2.2408283948898315,2.276075035333633,2.2407173676924272,2.2731294333934784,0.303995091129433,0.2326898798346519,0.3034261248328469,0.2321064174175262,1.134573053229939,1.0675584077835083,1.137342561375011,1.0804113447666168,0.0961425693875009,0.09797237906605,-6.5,-6.5
20260524_140215_986908,0,2026_05_23_DesignCycle2_ep60,4,0.1529211799800396,0.1556694680452346,-2.756911153793335,0.112590049393475,0.110188128426671,-2.7159305214881897,2.270912742614746,2.331889241933822,0.5587290620803833,0.417409136891365,2.2455837440490725,2.293504506349564,2.247140502929688,2.2925675213336945,0.2636623382568359,0.2540395800024271,0.2665659332275391,0.24629932269454,1.207519407272339,0.9380211234092712,1.2352434015274047,0.935372680425644,0.093902952671051,0.0971963815391063,-6.333333333333334,-6.333333333333333
20260524_140215_986908,0,2026_05_23_DesignCycle2_ep60,5,0.1669155642390251,0.1631103000044822,-2.860853033065796,0.0969930314458906,0.0955855287611484,-2.667647868394852,2.411965665817261,2.3292733132839203,0.5792414784431458,0.4434352703392505,2.4226948642730712,2.286803722381592,2.420321950912476,2.292240470647812,0.2876200830936432,0.2258817255496978,0.2846655696630478,0.2247910723090171,1.216506519317627,0.8460304290056229,1.1960470819473266,0.8545642197132111,0.0915633901953697,0.0964415613561868,-6.166666666666666,-6.166666666666667
20260524_140215_986908,0,2026_05_23_DesignCycle2_ep60,6,0.168896307349205,0.1692240151762962,-2.913167505264282,0.0855724485591054,0.0805544401519,-2.80363205075264,2.5068444061279296,2.3954263031482697,0.5551260852813721,0.4211406782269478,2.49385612487793,2.420242667198181,2.494381046295166,2.414129078388214,0.2858603507280349,0.2255774904042482,0.2858499854803085,0.2171279974281788,1.2729883527755737,0.7314445972442627,1.278252878189087,0.7155619710683823,0.0893110355734825,0.0957038858905434,-6.0,-6.0
20260524_140215_986908,0,2026_05_23_DesignCycle2_ep60,7,0.139839369803667,0.1379665446281433,-2.9920544624328613,0.1093536573462188,0.10946493037045,-2.717464238405228,2.6240339851379395,2.348627060651779,0.5289161074161529,0.4871667847037315,2.620123119354248,2.340286433696747,2.61919451713562,2.343666970729828,0.2663415610790253,0.2251431737095117,0.2647309368848801,0.225038357079029,1.1459113931655884,1.0113894045352936,1.11657151222229,1.0247157663106918,0.0871621838212013,0.0949682537466287,-5.833333333333334,-5.833333333333333
20260524_140215_986908,0,2026_05_23_DesignCycle2_ep60,8,0.1740396155416965,0.174300280213356,-3.0045205783844,0.1024797004647553,0.1046097325161099,-2.8141961097717285,2.661286191940308,2.423623561859131,0.4915122127532959,0.4544024728238582,2.6377495956420898,2.432853430509568,2.639338140487671,2.4332602620124817,0.2808868670463562,0.2249691486358642,0.2811611890792846,0.2280349023640155,1.224062991142273,0.8929988741874695,1.2246848297119142,0.9253190159797668,0.0850544616580009,0.0942343520000577,-5.666666666666666,-5.666666666666667
20260524_140215_986908,0,2026_05_23_DesignCycle2_ep60,9,0.1866318467259407,0.1846848937869072,-3.146249380111694,0.0853648600168526,0.0839576330035924,-2.806411236524582,2.759273109436035,2.42029720544815,0.5196447324752808,0.4248083345592022,2.762702388763428,2.392180174589157,2.7627808666229248,2.3932946026325226,0.3020364397764206,0.215813947841525,0.3015012389421463,0.2159890718758106,1.3337896680831909,0.8245812356472015,1.3122761201858522,0.8195531964302063,0.083036535680294,0.093518610112369,-5.5,-5.5
20260524_140215_986908,0,2026_05_23_DesignCycle2_ep60,10,0.1414195248484611,0.1416102060675621,-3.1681892013549806,0.1102454415522515,0.112455959431827,-2.8288752734661102,2.8008674240112303,2.4432859122753143,0.4867667305469513,0.4293042793869972,2.796660795211792,2.436834692955017,2.7970129108428954,2.4370929896831512,0.2543188470602036,0.2194873485714197,0.2567397683858871,0.2215526048094034,1.1642573690414428,1.0482788980007172,1.1589384078979492,1.0288368612527847,0.0811056190729141,0.0928204208612442,-5.333333333333334,-5.333333333333334
20260524_140215_986908,0,2026_05_23_DesignCycle2_ep60,11,0.1389305274188518,0.1396130187809467,-3.188012189865112,0.1301227062940597,0.1312616518698632,-2.901615589857101,2.8413392066955567,2.536752939224243,0.4605776381492614,0.4870910719037056,2.833253307342529,2.546835154294968,2.832442035675049,2.544514775276184,0.2469798123836517,0.2143343165516853,0.2492816245555877,0.2163960207253694,1.1398133993148805,1.243851274251938,1.145486741065979,1.2380037009716034,0.0792309984564781,0.0921280663460493,-5.166666666666666,-5.166666666666667
20260524_140215_986908,0,2026_05_23_DesignCycle2_ep60,12,0.1246894232928752,0.1269884702563286,-3.277976007461548,0.1029653241857886,0.1050261529162526,-2.866993397474289,2.926616563796997,2.4700346291065216,0.4583985579013824,0.4358676560223102,2.935482625961304,2.466621845960617,2.934636373519897,2.468105345964432,0.2393961119651794,0.2314625196158886,0.2416181004047393,0.2337256409227848,0.9859877347946168,0.9063233286142348,0.9943819999694824,0.9311655014753342,0.0774776524305343,0.0914429044350981,-5.0,-5.0
20260524_140215_986908,0,2026_05_23_DesignCycle2_ep60,13,0.1670884925127029,0.1688519468903541,-3.3039871406555177,0.1125431610271334,0.109176417812705,-2.838178366422653,2.975371923446655,2.4941177368164062,0.4830585646629333,0.4263870008289814,2.9541370677948,2.473997682332993,2.9517962169647216,2.474629133939743,0.2616441071033478,0.2163233458995819,0.2655792891979217,0.2158937212079763,1.342546443939209,1.068019688129425,1.3405699729919434,1.045677587389946,0.0758068376779556,0.0907736280933022,-4.833333333333333,-4.833333333333333
20260524_140215_986908,0,2026_05_23_DesignCycle2_ep60,14,0.1419116629660129,0.1440297327935695,-3.408729257583618,0.1796823106706142,0.1810924485325813,-2.884301096200943,3.0724595546722413,2.5114016234874725,0.468223226070404,0.4881385192275047,3.077671566009521,2.481180101633072,3.080592384338379,2.480851531028748,0.2532676839828491,0.2495608571916818,0.2586352717876434,0.2496791798621416,1.1250453186035156,1.4931769967079165,1.1133504247665404,1.4951765537261963,0.074126503765583,0.0901229027658701,-4.666666666666666,-4.666666666666666
20260524_140215_986908,0,2026_05_23_DesignCycle2_ep60,15,0.1027179472148418,0.1022575812041759,-3.4054303646087645,0.1384875262156129,0.1417140122503042,-2.951208680868149,3.1182647514343262,2.563891679048538,0.4750487267971038,0.4598686248064041,3.1049741458892823,2.56120902299881,3.103575868606568,2.5590321719646454,0.2339408802986145,0.2468452975153923,0.2343073225021362,0.2530928272753954,0.8663860702514649,1.21837817132473,0.8514647006988525,1.195231854915619,0.0724786460399627,0.0894872769713401,-4.5,-4.5
20260524_140215_986908,0,2026_05_23_DesignCycle2_ep60,16,0.1363899098336696,0.139298273473978,-3.4503693771362305,0.1474729096516966,0.1465589911676943,-3.0167600512504578,3.1535709285736084,2.576903343200684,0.4548897004127502,0.5198802165687084,3.141807823181152,2.6357258558273315,3.1431982135772705,2.634134501218796,0.2488179039955139,0.2513387277722358,0.2499497467279434,0.2506353873759508,1.1635832071304322,1.3076094686985016,1.1820443105697631,1.2831165194511414,0.0708883467316627,0.0888565778732299,-4.333333333333334,-4.333333333333334
20260524_140215_986908,0,2026_05_23_DesignCycle2_ep60,17,0.1442705109715461,0.1467851968109607,-3.5027795219421387,0.1106241876259446,0.1072054812684655,-2.979954868555069,3.214662866592408,2.6120300590991974,0.4667414534091949,0.3990020416676998,3.2126968002319334,2.5970486998558044,3.212289247512817,2.605406194925308,0.2512873637676239,0.2565921433269977,0.2546840077638626,0.2543319221585989,1.1496551513671875,0.8689431399106979,1.1411123847961426,0.8639220297336578,0.069356925189495,0.0882335165515542,-4.166666666666667,-4.166666666666667
20260524_140215_986908,0,2026_05_23_DesignCycle2_ep60,18,0.1836730375885963,0.1935203844308853,-3.569882535934448,0.1361023932695388,0.1375719616189599,-3.0278297662734985,3.2909380626678466,2.6806430220603943,0.5005129671096802,0.4886829368770122,3.298826580047608,2.6396256387233734,3.295640115737915,2.640625983476639,0.2663854396343231,0.2416701894253492,0.2746849918365479,0.2450644839555025,1.3860654830932615,0.9393950253725052,1.4121923542022703,0.9488026797771454,0.0678458151221275,0.0876230522990226,-4.0,-4.0
20260524_140215_986908,0,2026_05_23_DesignCycle2_ep60,19,0.1369946902990341,0.1355828109383583,-3.6090145111083984,0.0795220979489386,0.0800192980095744,-3.0348672568798065,3.336302757263184,2.6521001160144806,0.4416731894016266,0.4043588414788246,3.317105941772461,2.669334262609482,3.3188720607757567,2.6667601466178894,0.2423289000988006,0.2114988192915916,0.2408097338676452,0.212248595431447,1.1349413871765135,0.7006151378154755,1.1328190135955811,0.6930885165929794,0.0664222356677055,0.0870262999087572,-3.833333333333333,-3.8333333333333335
20260524_140215_986908,0,2026_05_23_DesignCycle2_ep60,20,0.1269843091070652,0.1242488843202591,-3.638804197311402,0.2753766658715904,0.2795725306496024,-3.0200424790382385,3.3865780067443847,2.665660172700882,0.4342707014083862,0.5723311491310596,3.383087978363037,2.6325564086437225,3.381463851928711,2.627839148044586,0.2353479146957397,0.2693607099354267,0.233252632021904,0.271970646455884,1.068246603012085,1.976641982793808,1.0719076538085937,2.006784200668335,0.0650775846838951,0.0864418968558311,-3.666666666666667,-3.666666666666667
20260524_140215_986908,0,2026_05_23_DesignCycle2_ep60,21,0.1732253949344158,0.1739050003886222,-3.681317481994629,0.1605348326265812,0.1550145288929343,-3.1005128026008606,3.4247138595581053,2.712748885154724,0.4884386098384857,0.4644629843533039,3.423417320251465,2.739654302597046,3.426088552474976,2.74083149433136,0.230164076089859,0.2728142887353897,0.2295950758457184,0.2689657509326935,1.4260639572143554,1.308812290430069,1.4299019813537597,1.3109144270420074,0.063786554634571,0.0858717458322644,-3.5,-3.5
20260524_140215_986908,0,2026_05_23_DesignCycle2_ep60,22,0.1239256574213504,0.1265572166442871,-3.7520970344543456,0.1219700993970036,0.12453507585451,-3.0830206274986267,3.4791854667663573,2.7656666934490204,0.4430655741691589,0.4289355836808681,3.4864070415496826,2.748746782541275,3.4844286823272705,2.753691643476486,0.2236214584112167,0.2669049613177776,0.225147271156311,0.2663496304303407,1.095612268447876,0.8797722458839417,1.1113807201385495,0.9017275273799896,0.0625649048388004,0.0853167613968253,-3.333333333333333,-3.333333333333333
20260524_140215_986908,0,2026_05_23_DesignCycle2_ep60,23,0.1247577020525932,0.1223525568842887,-3.7452730083465577,0.0962559315375983,0.0998471342027187,-3.0415722131729126,3.524396772384644,2.7338787317276,0.3996968811750412,0.4671051353216171,3.4963196086883546,2.695925623178482,3.498848371505737,2.6908488273620605,0.2263513451814651,0.2159154843538999,0.2207745814323425,0.2222615983337164,1.0568812561035157,0.9155248254537582,1.059848480224609,0.9437093883752824,0.0613971856236457,0.0847660517320036,-3.166666666666667,-3.1666666666666665
20260524_140215_986908,0,2026_05_23_DesignCycle2_ep60,24,0.228576577603817,0.2304712562263011,-3.8370815563201903,0.1595871760509908,0.1683393288403749,-3.0272070169448853,3.5848454093933104,2.72129288315773,0.4765560263395309,0.4538841880857944,3.5827927780151367,2.701651334762573,3.582316608428956,2.6945159137249,0.2708295077085495,0.2438041474670171,0.2704241776466369,0.2538044713437557,1.6392237091064452,1.3463928699493408,1.6292186641693116,1.3726151585578918,0.0602712927758693,0.0842201747000217,-3.0,-3.0
20260524_140215_986908,0,2026_05_23_DesignCycle2_ep60,25,0.1646054263412952,0.1653578466176986,-3.842642822265625,0.1724237753078341,0.175928764976561,-3.169759482145309,3.630357627868652,2.8122869729995728,0.4465450596809387,0.4874409437179565,3.622760019302368,2.834548681974411,3.620733823776245,2.836750030517578,0.2430275958776474,0.2461789213120937,0.246859295964241,0.2523230779916048,1.2090316390991211,1.3311893194913864,1.19331223487854,1.342363864183426,0.0592002129554748,0.0836903722956776,-2.833333333333333,-2.833333333333333
20260524_140215_986908,0,2026_05_23_DesignCycle2_ep60,26,0.1520177832245826,0.1551815026998519,-3.922073583602905,0.0737287877127528,0.0738034774549305,-3.099198669195175,3.6849338531494142,2.754258304834366,0.4317387223243713,0.3345681130886078,3.691503200531006,2.7419277727603912,3.6906352615356446,2.7488352060318,0.2271025913953781,0.2168182469904422,0.2317300963401794,0.2160730082541704,1.3322616958618163,0.6479439735412598,1.3354883193969729,0.6434748470783234,0.0581127500534057,0.0831675706431269,-2.666666666666666,-2.666666666666666
20260524_140215_986908,0,2026_05_23_DesignCycle2_ep60,27,0.1203185771405696,0.1168688008189201,-3.953576641082764,0.1414492893964052,0.1473946208134293,-3.1345940828323364,3.70637391090393,2.81271830201149,0.4119904571771621,0.5125543475151062,3.70444580078125,2.793948173522949,3.7016126823425295,2.7937418818473816,0.2369668579101562,0.2514522280544042,0.2309644794464111,0.2574825026094913,1.026805772781372,1.2538843750953674,1.0257676124572754,1.253490388393402,0.0570849399268627,0.0826479280367493,-2.5,-2.5
20260524_140215_986908,0,2026_05_23_DesignCycle2_ep60,28,0.1145070284605026,0.1157395645976066,-3.979767837524414,0.1259993622079491,0.1291808914393186,-3.182859241962433,3.772240266799927,2.840712547302246,0.4122628754377365,0.4625122770667076,3.765177192687988,2.8553041219711304,3.767032947540283,2.852622032165528,0.2213445514440536,0.2276638876646757,0.2234978955984115,0.2328050304204225,1.039316062927246,1.0649222135543823,1.0443924903869628,1.08233842253685,0.0561483533680439,0.0821456210687756,-2.333333333333333,-2.333333333333333
20260524_140215_986908,0,2026_05_23_DesignCycle2_ep60,29,0.1902912765741348,0.187802243232727,-4.052808523178101,0.0825157864019274,0.0828504697419703,-3.179429918527603,3.801843090057373,2.848020911216736,0.4773389792442322,0.363555409014225,3.798561668395996,2.866107136011124,3.800238399505615,2.863770008087158,0.2454530799388885,0.2217705026268959,0.2414710921049118,0.2190945129841566,1.514329948425293,0.7322720289230347,1.490304126739502,0.7757194638252258,0.0552505844831466,0.0816546063870191,-2.166666666666667,-2.166666666666667
20260524_162241_353262,29,2026_05_24_DesignCycle3_ep29,29,0.2166190545260906,0.2171831353008747,-4.3295762252807615,0.0910009145736694,0.0916533297859132,-3.279116243124008,3.965218114852905,2.921103298664093,0.4910996705293655,0.3629978373646736,3.955749816894531,2.8912967443466187,3.9549380207061766,2.888695925474167,0.2682999563217163,0.2362086065113544,0.2728154873847961,0.2374784126877784,1.57295823097229,0.7456933856010437,1.5586328315734863,0.792374849319458,0.0987049689888954,0.0995512157678604,-2.166666666666667,-2.166666666666667
20260524_162742_979040,29,2026_05_24_DesignCycle3_ep29,29,0.2161144262552261,0.2169514116644859,-4.327155342102051,0.0906652002595365,0.0912989811040461,-3.2791357338428497,3.962703218460083,2.9208906292915344,0.4905525213479996,0.3626526780426502,3.95326452255249,2.891561597585678,3.952323513031006,2.8889352083206177,0.2673191571235657,0.2355005443096161,0.2722178161144256,0.2367970775812864,1.574024143218994,0.7444846630096436,1.562801456451416,0.7908627390861511,0.0987049958109855,0.0995512157678604,-2.166666666666667,-2.166666666666667
20260524_162742_979040,29,2026_05_24_DesignCycle3_ep29,31,0.1458866169506853,0.165438402782787,-2.9356985092163086,0.0962348198518157,0.0943571315146982,-3.002879112958908,2.497183149511164,2.6146334409713745,0.4377609491348266,0.3177979197353124,2.4498677903955635,2.5807440876960754,2.4321193261580034,2.5897989869117737,0.2822396457195282,0.2243239767849445,0.3002222248099067,0.2158154137432575,1.0997360944747925,0.8118977844715118,1.154597542502663,0.8381745964288712,0.0994026261297139,0.0995513312518596,-6.833333333333332,-6.833333333333333
20260524_162742_979040,29,2026_05_24_DesignCycle3_ep29,32,0.116146743954981,0.1176725389326319,-3.0173821028541115,0.0474729961715638,0.0429405276663601,-3.0856233835220337,2.500625315834494,2.646500378847122,0.4083892860833336,0.3283299133181572,2.513401774799122,2.6537998616695404,2.5280333827523624,2.652036964893341,0.2417220894028158,0.1700238157063722,0.2425689942696515,0.1596169043332338,1.0342315926271326,0.5521901547908783,1.0140237457611982,0.533632829785347,0.0980237402460154,0.0987568469718098,-6.666666666666667,-6.666666666666667
20260524_162742_979040,29,2026_05_24_DesignCycle3_ep29,33,0.0807409630241719,0.0815385798500342,-2.994258858940818,0.1105857128277421,0.1093066760804504,-3.094373106956482,2.560827992179177,2.6793361604213715,0.3694449744441292,0.3752120193094015,2.552711313421076,2.667184323072433,2.547596118666909,2.660130351781845,0.1953034553338181,0.1937849353998899,0.1949783177538351,0.1930278297513723,0.8188875046643344,1.112338587641716,0.8383163647218184,1.106250911951065,0.0961652936583215,0.097968840971589,-6.5,-6.5
20260524_162742_979040,29,2026_05_24_DesignCycle3_ep29,34,0.0899919348210096,0.0863051781803369,-3.07481520652771,0.0657183821313083,0.0678204104769975,-3.1255294382572174,2.6541771602630617,2.701415926218033,0.3835959994792938,0.3615238256752491,2.653411445617676,2.7021948993206024,2.65236364364624,2.7035187780857086,0.1917643058300018,0.1578826177865266,0.1855381506681442,0.1599469184875488,0.9189779996871948,0.8414537012577057,0.9043490648269652,0.8512253761291504,0.0939502847194671,0.0971930436789989,-6.333333333333334,-6.333333333333333
20260524_162742_979040,29,2026_05_24_DesignCycle3_ep29,35,0.112173666357994,0.1109678024053573,-3.1592339992523195,0.0564488205127418,0.0585553091950714,-3.193195939064026,2.7540590381622314,2.749924421310425,0.3730285531282425,0.3528449609875679,2.736308517456054,2.7511185705661774,2.737577466964721,2.750843346118927,0.1974473941326141,0.1450856402516365,0.1949611818790435,0.1489633042365312,1.0562507915496826,0.7513955533504486,1.0529995441436768,0.7692622244358063,0.0916299355030059,0.0964324753731489,-6.166666666666666,-6.166666666666667
20260524_162742_979040,29,2026_05_24_DesignCycle3_ep29,36,0.1111664702743291,0.1067218018323183,-3.237403392791748,0.1052529672160744,0.1049064404796809,-3.191985696554184,2.8314828491210937,2.7991698384284973,0.3627005445957184,0.372107669711113,2.8241867542266847,2.784504681825638,2.828160562515259,2.7825183868408203,0.2085375016927719,0.1638122294098138,0.2010702309012413,0.1633328758180141,1.0478014278411865,0.7960980236530304,1.0353599071502686,0.8133915066719055,0.0894086375832557,0.0956834303215146,-6.0,-6.0
20260524_162742_979040,29,2026_05_24_DesignCycle3_ep29,37,0.065834024772048,0.0623535052686929,-3.3393629741668702,0.0361554210539907,0.0361776113277301,-3.290622800588608,2.9412173557281496,2.8638525903224945,0.3275771474838256,0.3171070665121078,2.9448248100280763,2.884407937526703,2.943806095123291,2.884660869836808,0.1774724349379539,0.1482617575675249,0.1691029649972915,0.1453804643824696,0.71522047996521,0.4468072652816772,0.7012754917144776,0.4571306705474853,0.0872728317975997,0.0949427802115678,-5.833333333333334,-5.833333333333333
20260524_162742_979040,29,2026_05_24_DesignCycle3_ep29,38,0.065212100893259,0.0652772726863622,-3.4149469089508058,0.0386214850004762,0.0384196501690894,-3.245978981256485,3.0475980949401857,2.843129813671112,0.3390273839235306,0.3149424791336059,3.039115982055664,2.83360356092453,3.038338270187378,2.836971491575241,0.1665312802791595,0.1516777519136667,0.1671389895677566,0.1524534942582249,0.7360577487945557,0.5309225916862488,0.743264799118042,0.5259157419204712,0.0851829722523689,0.0942126577720046,-5.666666666666666,-5.666666666666667
20260524_170057_261016,39,2026_05_24_DesignCycle3_ep39,39,0.1310464264452457,0.1313148705661296,-3.669123363494873,0.1352412062697112,0.1277989479713142,-3.2086724936962128,3.23516300201416,2.869610279798508,0.3348170959949493,0.3616370111703872,3.234897327423096,2.780027836561203,3.2339241123199463,2.787370204925537,0.252586281299591,0.2762484531849623,0.251011294722557,0.2687697485089302,0.9167988014221192,0.9130034744739532,0.9222688293457032,0.8953784108161926,0.0987106037139892,0.0995514318346977,-5.5,-5.5
20260524_170057_261016,39,2026_05_24_DesignCycle3_ep39,40,0.1165725492686033,0.1189387315511703,-3.693883829116821,0.1214483869262039,0.1139731965959072,-3.401040017604828,3.298209772109985,2.916419744491577,0.3541887694597244,0.3597535043954849,3.282426109313965,2.9832588136196136,3.284403018951416,2.9772236347198486,0.1865701121091842,0.2201409135013818,0.1860182666778564,0.2100334353744983,1.0544827270507813,1.1022609174251556,1.0606893157958983,1.0633786767721176,0.0962796673178672,0.098759789019823,-5.333333333333334,-5.333333333333334
20260524_170057_261016,39,2026_05_24_DesignCycle3_ep39,41,0.1273656006902456,0.1253392370790243,-3.771834096908569,0.1651475792750716,0.1633492254186421,-3.371911406517029,3.3723142910003663,2.906416654586792,0.3877658349275589,0.41605369374156,3.3636123657226564,2.928986728191376,3.363404321670532,2.930595099925995,0.1892488402128219,0.2225090600550174,0.1869485980272293,0.2213129438459873,1.231613922119141,1.1688992083072662,1.227430534362793,1.1856176257133484,0.0939150327444076,0.0979779073968529,-5.166666666666666,-5.166666666666667
20260524_170057_261016,39,2026_05_24_DesignCycle3_ep39,42,0.1359610585868358,0.1368263369053602,-3.864974479675293,0.1208089757710695,0.1212031710892915,-3.3269446194171906,3.4693503952026368,2.970504194498062,0.3774089109897613,0.3875069189816713,3.4653410720825195,2.9003542959690094,3.4660822486877443,2.90391081571579,0.1939421144127845,0.1982270739972591,0.1933864006400108,0.200990030542016,1.1564560222625733,1.215643674135208,1.1485081672668458,1.2023131549358368,0.0916410219669342,0.0972043313086032,-5.0,-5.0
20260524_170057_261016,39,2026_05_24_DesignCycle3_ep39,43,0.1273007500916719,0.1284627822786569,-3.942773571014405,0.0751059844624251,0.0755651073995977,-3.411731392145157,3.55979660987854,3.0140170753002167,0.3975027298927307,0.3478598929941654,3.5567385005950927,3.008477598428726,3.553441257476807,3.0013555884361267,0.2080758091807365,0.1841087806969881,0.2106465595960617,0.1840880401432514,1.0696685791015623,0.7748250365257263,1.076695833206177,0.7585911154747009,0.0894434916973114,0.0964388912543654,-4.833333333333333,-4.833333333333333
20260524_170057_261016,39,2026_05_24_DesignCycle3_ep39,44,0.1351475489139557,0.137290853112936,-4.004199819564819,0.1063925824128091,0.1069830751512199,-3.467638731002808,3.635827703475952,3.0275937914848328,0.3857377541065216,0.4390905387699604,3.625941257476807,3.050375759601593,3.626168746948242,3.048681914806366,0.1799329915642738,0.1826122850179672,0.1819370999932289,0.1839081291109323,1.1275162315368652,1.219455137848854,1.1328118419647215,1.2183136194944382,0.0873012828826904,0.0956900976598262,-4.666666666666666,-4.666666666666666
20260524_170057_261016,39,2026_05_24_DesignCycle3_ep39,45,0.0883364701271057,0.0877899418026208,-4.117963285446167,0.115640100557357,0.1163137417752295,-3.4306788742542267,3.746840438842773,3.002891391515732,0.336640585064888,0.3599161431193352,3.741652612686157,3.0255104303359985,3.74264412879944,3.031770199537277,0.168191998898983,0.1639113863930106,0.1669974094629287,0.1656244229525327,0.8738751983642579,0.8262226581573486,0.8819098663330078,0.8233889043331146,0.0852558532357215,0.094956281594932,-4.5,-4.5
20260524_170057_261016,39,2026_05_24_DesignCycle3_ep39,46,0.105120645314455,0.1059685862064361,-4.2077630996704105,0.0897311761509627,0.0906386049464345,-3.472131967544556,3.829282941818237,3.0832337141036987,0.3424060040712356,0.3560073412954807,3.823074655532837,3.0520770847797394,3.8236967849731447,3.0519042909145355,0.2019279289245605,0.1682431111112237,0.2012737226486206,0.1714572357013821,0.9449863815307618,0.9351466000080108,0.9491090583801268,0.92476087808609,0.0832790866494178,0.0942354127764701,-4.333333333333334,-4.333333333333334
20260524_170057_261016,39,2026_05_24_DesignCycle3_ep39,47,0.1491156835854053,0.1503152064234018,-4.254036817550659,0.0535777735058218,0.0522681914735585,-3.510450690984726,3.920819082260132,3.110319435596466,0.3898443925380707,0.3615789227187633,3.918362703323364,3.101998597383499,3.91892988204956,3.0991415977478027,0.2094745802879333,0.15100724902004,0.2105408522486686,0.147487879730761,1.2757066440582276,0.6974043250083923,1.2819714069366457,0.6810170710086823,0.0813941863179206,0.0935252578929066,-4.166666666666667,-4.166666666666667
20260524_170057_261016,39,2026_05_24_DesignCycle3_ep39,48,0.201688479706645,0.1987101417034864,-4.2994240951538085,0.0954242553561925,0.0952242957428097,-3.5482893586158752,3.942453165054321,3.1708541810512543,0.4628652840852737,0.3730206973850727,3.944154109954834,3.142312616109848,3.943578014373779,3.1414659917354584,0.221566259264946,0.1851222533732652,0.2212799754738807,0.1818719636648893,1.6447507095336915,0.9254400134086608,1.6281242370605469,0.933907985687256,0.0795552286505699,0.0928293354809284,-4.0,-4.0
20260524_173125_672772,49,2026_05_24_DesignCycle3_ep49,49,0.2221322513371706,0.21027398452162743,-4.546979484558105,0.18364556971937418,0.1796980989165604,-3.608889549970627,4.1201035690307615,3.16039314866066,0.36316823422908784,0.3935684636235237,4.115583801269532,3.1807149052619934,4.11531831741333,3.1821233928203583,0.29074371337890625,0.2782658785581589,0.2777074921131134,0.27249894849956036,1.2678342056274414,1.382538080215454,1.2420739364624023,1.347644329071045,0.0987087282538414,0.09955108817666769,-3.833333333333333,-3.8333333333333335
20260524_173125_672772,49,2026_05_24_DesignCycle3_ep49,50,0.15359186440706252,0.15083916187286378,-4.63832727432251,0.1871339757926762,0.18072705250233412,-3.6291351914405823,4.230201034545899,3.2077479362487793,0.40174734115600585,0.3998217284679413,4.2241912269592286,3.2025313675403595,4.224582366943359,3.200105607509613,0.22507364869117738,0.29675018414855003,0.2211308318376541,0.28971684724092484,1.2702266407012939,1.2350888550281525,1.2640846633911134,1.2132712006568909,0.09625753194093704,0.09875684231519699,-3.666666666666667,-3.666666666666667
20260524_173125_672772,49,2026_05_24_DesignCycle3_ep49,51,0.16054413050413133,0.16037504091858865,-4.715149745941162,0.17126723239198327,0.17153759580105543,-3.5925779342651367,4.319549560546875,3.2121037542819977,0.4082641702890396,0.4444754235446453,4.310245418548584,3.1387120485305786,4.313698921203613,3.14069864153862,0.20540199637413026,0.2283274494111538,0.20716010451316832,0.2315464597195387,1.3081459999084473,1.3385124802589417,1.314751443862915,1.343588262796402,0.09389966249465942,0.09797190222889185,-3.5,-3.5
20260524_173125_672772,49,2026_05_24_DesignCycle3_ep49,52,0.1280127964913845,0.12456812582910061,-4.8186420059204105,0.07422082219272852,0.0730102458037436,-3.669248580932617,4.439403820037842,3.2582406401634216,0.3691116428375244,0.3578162342309952,4.42284761428833,3.251160979270935,4.421988143920898,3.2498243749141693,0.191171532869339,0.15962713863700628,0.1831304907798767,0.15936310589313507,1.0553429889678956,0.8306454420089722,1.0568499374389648,0.8154117465019226,0.09163305133581162,0.09720123372972012,-3.333333333333333,-3.3333333333333335
20260524_173125_672772,49,2026_05_24_DesignCycle3_ep49,53,0.06510155223309994,0.06543201886117458,-4.935680656433106,0.03916305396705866,0.04051064909435809,-3.746956557035446,4.5311539840698245,3.3213911056518555,0.3028569781780243,0.3131469450891018,4.53538257598877,3.3260222673416138,4.53392822265625,3.329739600419998,0.15741191893815995,0.15430246852338314,0.15838788390159608,0.15776275284588337,0.6858766841888427,0.5126432776451111,0.6817433166503907,0.5181365609169006,0.08945895284414292,0.09644894581288099,-3.166666666666667,-3.1666666666666665
20260524_173125_672772,49,2026_05_24_DesignCycle3_ep49,54,0.18410800158977508,0.18156569689512253,-4.97610185623169,0.07672218442894518,0.07518915040418506,-3.7229486405849457,4.588056163787842,3.329908013343811,0.4020732098817825,0.3737429045140743,4.585985736846924,3.3063108026981354,4.589333667755127,3.3037402629852295,0.20127893716096878,0.15466466266661882,0.19409681290388106,0.15679224021732807,1.284099998474121,0.8158886432647705,1.2765543842315674,0.7859211266040802,0.08738782078027725,0.0957060344517231,-3.0,-3.0
20260524_173125_672772,49,2026_05_24_DesignCycle3_ep49,55,0.09903745405375958,0.100416439473629,-5.0317067527771,0.0667237862944603,0.06354435253888369,-3.817808449268341,4.684826126098633,3.381917178630829,0.3352928823232651,0.36294388957321644,4.6792324447631835,3.400750070810318,4.6779578590393065,3.399769961833954,0.18815263330936433,0.15805868990719318,0.18936955213546752,0.1540613528341055,0.8357812404632569,0.773283064365387,0.8538574981689453,0.7478208541870117,0.08541106939315796,0.09497068263590336,-2.833333333333333,-2.833333333333333
20260524_173125_672772,49,2026_05_24_DesignCycle3_ep49,56,0.12131121464073658,0.12258593529462815,-5.1452838325500485,0.02907653688453138,0.029386234236881137,-3.7820520401000977,4.771259155273437,3.381044715642929,0.3583823078870773,0.3261577859520912,4.775364055633545,3.375926673412323,4.773567142486573,3.373417764902115,0.17320653378963471,0.1349546043202281,0.1722240310907364,0.13338750880211592,1.0440714263916016,0.4292360842227936,1.0234796714782715,0.4384056627750397,0.08344971477985381,0.09425111766904593,-2.666666666666666,-2.666666666666666
20260524_173125_672772,49,2026_05_24_DesignCycle3_ep49,57,0.16855848535895349,0.16749633088707924,-5.1849822998046875,0.032453620340675116,0.031844096491113305,-3.815389335155487,4.842294578552246,3.426363378763199,0.37156883597373963,0.32936016097664833,4.837036838531494,3.4153003692626953,4.836729393005371,3.420185476541519,0.2343063920736313,0.13845890201628208,0.23211331367492677,0.13712075632065535,1.2167214012145997,0.49476858973503113,1.2304131889343262,0.4925391376018524,0.08158684968948364,0.09354772791266441,-2.5,-2.5
20260524_173125_672772,49,2026_05_24_DesignCycle3_ep49,58,0.2041956853121519,0.19665876656770706,-5.244202671051025,0.03352066385559738,0.03347164555452764,-3.8544510304927826,4.9221271133422855,3.467509686946869,0.42381765484809875,0.32228559628129005,4.913604507446289,3.465527355670929,4.915072727203369,3.468338578939438,0.2328365182876587,0.14463677443563938,0.22146969497203828,0.14170420821756124,1.420950984954834,0.4680139422416687,1.395399112701416,0.48427027463912964,0.07976714342832565,0.09286079555749893,-2.333333333333333,-2.333333333333333
20260524_173125_672772,49,2026_05_24_DesignCycle3_ep49,59,0.1412106755375862,0.1418464344739914,-5.309594173431396,0.2285307883284986,0.22538283211179078,-3.811584085226059,4.990703735351563,3.4574223458766937,0.3639617854356766,0.5015431232750416,4.973454113006592,3.4216504395008087,4.974063167572021,3.418539434671402,0.22150257110595703,0.23604675568640232,0.22269343495368957,0.23456924129277468,1.060630054473877,1.508238673210144,1.0540014457702638,1.499281644821167,0.07794649094343185,0.09218717832118273,-2.166666666666667,-2.166666666666667
