Run_ID,Run_Start_Episode,Resume_Checkpoint,Episode,Ind_Q1_Loss,Ind_Q2_Loss,Ind_Policy_Loss,Pop_Q1_Loss,Pop_Q2_Loss,Pop_Policy_Loss,Ind_Q_Target_Mean,Pop_Q_Target_Mean,Ind_Q_Target_Std,Pop_Q_Target_Std,Ind_Q1_Prediction_Mean,Pop_Q1_Prediction_Mean,Ind_Q2_Prediction_Mean,Pop_Q2_Prediction_Mean,Ind_Q1_TD_Abs_Mean,Pop_Q1_TD_Abs_Mean,Ind_Q2_TD_Abs_Mean,Pop_Q2_TD_Abs_Mean,Ind_Q1_TD_Abs_Max,Pop_Q1_TD_Abs_Max,Ind_Q2_TD_Abs_Max,Pop_Q2_TD_Abs_Max,Ind_Alpha,Pop_Alpha,Ind_Target_Entropy,Pop_Target_Entropy
20260513_133201_514654,0,,1,0.2225704728202386,0.2176110117950222,-0.5642965977842157,0.2588194496929645,0.2545550279319286,-0.5165508575737476,0.4058605838905681,0.4267348945140838,0.3325131481344049,0.3220390435308218,0.0939231404177421,0.0389502538491797,0.1049185887121976,0.0447224587042001,0.4152895916591991,0.4610907547175884,0.4090635464950041,0.4565351977944374,0.9004242311824452,0.916952222585678,0.893066102808172,0.9119603484869004,0.0994021919640627,0.0995512986555695,-6.833333333333332,-6.833333333333333
20260513_133201_514654,0,,2,0.1385450700626653,0.137141829027849,-0.847846129361321,0.1595962084829807,0.1563598336651921,-0.9039787352085114,0.3932017876821406,0.3952060304582119,0.359062150997274,0.3722890317440033,0.3870503884904525,0.4470191095024347,0.3870426661827985,0.460275461897254,0.2881904270719079,0.2976959347724914,0.2862656011300928,0.2934362757951021,0.9399578360950246,1.0057668685913086,0.9346685374484344,1.0091544166207314,0.0980229890521834,0.0987592600286006,-6.666666666666667,-6.666666666666667
20260513_133201_514654,0,,3,0.115827147594907,0.1138403632424094,-0.8823530186306346,0.1320806429721415,0.1328809610567987,-0.795552209019661,0.3930363031950863,0.4203346632421016,0.3668476722457192,0.3529387302696705,0.4109328700737519,0.3376981914043426,0.4119767438281666,0.3307042084634304,0.2538963800126856,0.2854505628347397,0.2528075203299522,0.28699984960258,0.9036683386022394,0.8518107570707798,0.8883138515732505,0.8457106314599514,0.0961494357748465,0.097976179793477,-6.5,-6.5
20260513_133201_514654,0,,4,0.1313592739403248,0.1285548841953277,-0.8796604418754578,0.1188459247350692,0.1178851081058383,-0.8798264712095261,0.4149809789657592,0.3976189456880092,0.3597617256641388,0.3507297895848751,0.4125268930196762,0.414434477686882,0.413241423368454,0.4197510555386543,0.2812031334638595,0.2620635703206062,0.2783746618032455,0.2601937334984541,0.8730885410308837,0.8654429316520691,0.8619448447227478,0.8608063608407974,0.093994036912918,0.0972026726230979,-6.333333333333334,-6.333333333333333
20260513_133201_514654,0,,5,0.1089970609545707,0.106328107714653,-0.8832542943954468,0.1400878224521875,0.1394388815388083,-0.8132592663168907,0.4565958619117737,0.3754294514656067,0.3587061667442321,0.3507445380091667,0.4320350134372711,0.355760145932436,0.4323506224155426,0.3515787422657013,0.2616382002830505,0.2964706178754568,0.2586492848396301,0.296664647758007,0.7891759490966797,0.9563679993152618,0.7815898823738098,0.95120108127594,0.0917556521296501,0.0964456908404827,-6.166666666666666,-6.166666666666667
20260513_133201_514654,0,,6,0.0821208833158016,0.0841944971680641,-0.9707724523544312,0.1413787510246038,0.1409103898331523,-0.823390819132328,0.5351237261295319,0.4455336332321167,0.3483404731750488,0.3699172884225845,0.5435046231746674,0.3827934861183166,0.5440236759185791,0.3851872123777866,0.2192520296573639,0.2972242031246423,0.2231028741598129,0.2963999137282371,0.710615736246109,0.9182371720671654,0.7174141454696655,0.9226387590169908,0.089565545618534,0.0957052195444703,-6.0,-6.0
20260513_133201_514654,0,,7,0.0696643169224262,0.0721441842615604,-1.0232559752464294,0.1381260193884372,0.1344444490969181,-0.9330550953745842,0.5819374930858612,0.4305841997265816,0.3641592699289322,0.3731073588132858,0.5890262913703919,0.4814166128635406,0.5876453006267548,0.4791265241801739,0.2004932993650436,0.2718878891319036,0.2050342112779617,0.2691226713359356,0.6947586059570312,0.979674071073532,0.7091792559623719,0.9636596143245696,0.0874156522750854,0.0949699822813272,-5.833333333333334,-5.833333333333333
20260513_133201_514654,0,,8,0.0539431792497634,0.0559540931135416,-1.1129137563705445,0.1069316659122705,0.1053147427737712,-0.8375624269247055,0.6472020244598389,0.4334406927227974,0.3417818564176559,0.341319028288126,0.647943058013916,0.3990711830556392,0.6456904458999634,0.4016638472676277,0.1716242241859436,0.2563200090080499,0.1739799708127975,0.2543255109339952,0.6693812346458435,0.8183716684579849,0.6918993222713471,0.8120190426707268,0.0853341746330261,0.0942478058859705,-5.666666666666666,-5.666666666666667
20260513_133201_514654,0,,9,0.0475848352909088,0.0471078554540872,-1.1950298643112185,0.1202296828851103,0.1187027106061577,-0.9165438935160636,0.7091499257087708,0.4737402461469173,0.3709060859680175,0.3562941886484623,0.7115318155288697,0.4824823103845119,0.7072330617904663,0.4796652160584926,0.1609025067090988,0.2605902031064033,0.161723153591156,0.2587047107517719,0.6207834625244141,0.8297442197799683,0.617975811958313,0.8206632360816002,0.083346893787384,0.0935372002422809,-5.5,-5.5
20260513_133201_514654,0,,10,0.0533768070489168,0.0530320180952549,-1.257402777671814,0.067644867580384,0.0662238486111164,-0.9414704591035844,0.7729665899276733,0.4986287467181682,0.3518212950229645,0.2758212462067604,0.776046118736267,0.5099861361086369,0.7752345371246337,0.5116395652294159,0.1734590592980384,0.1970123145729303,0.1728586140275001,0.1961091812700033,0.6340556907653808,0.6528298519551754,0.6386853444576264,0.6540759056806564,0.0814455786347389,0.0928326863795518,-5.333333333333334,-5.333333333333334
20260513_143255_136355,11,2026_05_13_DesignCycle0_ep11,11,0.04915728442370892,0.04982292868196964,-1.480556983947754,0.08920101867988706,0.08783283084630966,-0.9915444552898407,0.9595210623741149,0.5341429226100445,0.34363522708415983,0.3060107883065939,0.946646568775177,0.5365284904837608,0.945119309425354,0.5366956889629364,0.16883714854717255,0.23118223063647747,0.17219415545463562,0.22847208194434643,0.5601311326026917,0.7744153738021851,0.5731720554828644,0.7640947327017784,0.09871149599552155,0.09955077711492777,-5.166666666666666,-5.166666666666667
20260513_143255_136355,11,2026_05_13_DesignCycle0_ep11,12,0.047315948158502576,0.04540785133838653,-1.5599574947357178,0.08662886591628194,0.08332094177603722,-0.9245966821908951,1.01768967628479,0.5186002962291241,0.36104549169540406,0.3089884724467993,1.0226990985870361,0.4642168693244457,1.0247782635688782,0.46643343940377235,0.15988416016101836,0.21929385885596275,0.1564114710688591,0.21421661414206028,0.6006494808197022,0.8346389830112457,0.5944250178337097,0.8042796030640602,0.09629102528095246,0.09875664114952087,-5.0,-5.0
20260513_143255_136355,11,2026_05_13_DesignCycle0_ep11,13,0.05203565090894699,0.04851471543312073,-1.6111241245269776,0.07807717565447092,0.0764744384214282,-1.0483837872743607,1.1184692239761354,0.548792127519846,0.3748119187355041,0.29894900135695934,1.1077388668060302,0.5963922515511513,1.106559796333313,0.5941078215837479,0.16081251502037047,0.2067423313856125,0.15644616425037383,0.20635165087878704,0.7018432402610779,0.8211003467440605,0.669524188041687,0.8012722507119179,0.09394540667533874,0.0979724582284689,-4.833333333333333,-4.833333333333333
20260513_143255_136355,11,2026_05_13_DesignCycle0_ep11,14,0.04145913377404213,0.04137335821986198,-1.679666156768799,0.06638268567621708,0.06627864390611649,-0.9883148446679115,1.202815146446228,0.5845459848642349,0.3342095708847046,0.2830985113978386,1.2001668453216552,0.5464991740882397,1.2005291557312012,0.5458716228604317,0.1498493719100952,0.1998420525342226,0.15140986323356628,0.2006687130779028,0.5771660745143891,0.6265454329550266,0.5640360677242279,0.6139787100255489,0.0916710177063942,0.09720031544566154,-4.666666666666666,-4.666666666666666
20260513_143255_136355,11,2026_05_13_DesignCycle0_ep11,15,0.038764509111642836,0.038979092761874196,-1.7580563879013063,0.054613382555544376,0.05489224102348089,-1.048569492995739,1.3022347831726073,0.6037008389830589,0.3312076371908188,0.2677037678658962,1.3013934469223023,0.6064661368727684,1.3028457546234131,0.603814885020256,0.14362249314785003,0.17063932307064533,0.1459398263692856,0.1722963098436594,0.5746699178218841,0.7077780142426491,0.5741640353202819,0.7047872468829155,0.08947232156991959,0.09643861930817366,-4.5,-4.5
20260513_143255_136355,11,2026_05_13_DesignCycle0_ep11,16,0.04122444294393063,0.0400538545101881,-1.8242010688781738,0.05284051317721605,0.051883617881685495,-1.0669709742069244,1.370540738105774,0.6221819967031479,0.3328650891780853,0.25756632536649704,1.366897759437561,0.6374919041991234,1.36716392993927,0.6371376067399979,0.1440493407845497,0.16967972554266453,0.1434946784377098,0.16923286579549313,0.626792597770691,0.6284987702965736,0.6166801023483276,0.6121296733617783,0.08735360682010651,0.09568687714636326,-4.333333333333334,-4.333333333333334
20260513_143255_136355,11,2026_05_13_DesignCycle0_ep11,17,0.05037701860070229,0.04836287572979927,-1.8806471967697143,0.0479201206471771,0.046531132189556956,-1.0444682836532593,1.4672485303878784,0.6229185089468956,0.3638196313381195,0.2733563482761383,1.458525195121765,0.60108782351017,1.45826238155365,0.5986496806144714,0.1610064247250557,0.1603623665869236,0.15810868680477141,0.15896466933190823,0.648947491645813,0.6427496001124382,0.6238061654567718,0.6257456317543983,0.0853029066324234,0.094950120896101,-4.166666666666667,-4.166666666666667
20260513_143255_136355,11,2026_05_13_DesignCycle0_ep11,18,0.056502158343791964,0.0577285797894001,-1.9253263235092164,0.04362717946060002,0.04096728446893394,-1.089107409119606,1.5152976989746094,0.6416359171271324,0.3775460970401764,0.2886133063584566,1.5020127868652344,0.6664607375860214,1.500659441947937,0.6707083284854889,0.1696296951174736,0.1509425137192011,0.1733306711912155,0.14739121962338686,0.6758703196048736,0.5852873437106609,0.6824307239055634,0.5494755767285824,0.0833097991347313,0.09422626998275518,-4.0,-4.0
20260513_143255_136355,11,2026_05_13_DesignCycle0_ep11,19,0.06057832829654217,0.05990514226257801,-2.0290513753890993,0.049175622407346964,0.04802590748295188,-1.1130884736776352,1.6226897430419922,0.694958858191967,0.3584337902069092,0.26689474284648895,1.632620792388916,0.6902980133891106,1.6318838834762572,0.6827691048383713,0.17004604548215865,0.16778918355703354,0.16965331196784972,0.16579596884548664,0.7106677627563477,0.5945395976305008,0.7099027681350708,0.5896148458123207,0.08139763712882996,0.09351639170199633,-3.833333333333333,-3.8333333333333335
20260513_143255_136355,11,2026_05_13_DesignCycle0_ep11,20,0.039284280687570575,0.038755913600325584,-2.1083990383148192,0.04590756772086024,0.04290452180430293,-1.1467549204826355,1.7355476093292237,0.7169568836688995,0.34544171452522276,0.2525934223085642,1.7228768634796143,0.7139769718050957,1.7251326751708984,0.7169511616230011,0.14275838285684586,0.15700504183769226,0.14237289279699325,0.15186995640397072,0.541918214559555,0.6158174835145473,0.5559711647033692,0.5931593626737595,0.07953755438327789,0.0928200138732791,-3.666666666666667,-3.666666666666667
20260513_143255_136355,11,2026_05_13_DesignCycle0_ep11,21,0.03638667851686478,0.03680399365723133,-2.1993218803405763,0.03971268888562918,0.04017062019556761,-1.1571450531482697,1.8054595232009887,0.7375439405441284,0.3739773851633072,0.25776899233460426,1.8064602279663087,0.7372162416577339,1.8064454174041749,0.7390960827469826,0.1407637545466423,0.14436544105410576,0.14133861929178237,0.14370646141469479,0.5431587362289428,0.6200901791453362,0.5536795377731323,0.6195257306098938,0.07774700969457626,0.09213786106556654,-3.5,-3.5
20260513_143255_136355,11,2026_05_13_DesignCycle0_ep11,22,0.053692729696631435,0.05303932160139084,-2.2447713088989256,0.04518810287117958,0.044660916086286306,-1.1964541226625443,1.857787470817566,0.7614928930997849,0.40309942364692686,0.26279510371387005,1.8550852155685424,0.7619670331478119,1.854628438949585,0.7645922005176544,0.1511673167347908,0.14608833752572536,0.15062892198562622,0.1452555488795042,0.7379826354980469,0.6780860014259815,0.7271309089660645,0.6756422072649002,0.07601875394582748,0.09146642126142979,-3.333333333333333,-3.3333333333333335
20260513_143255_136355,11,2026_05_13_DesignCycle0_ep11,23,0.05109156280755997,0.04930925257503986,-2.2844986152648925,0.03467870759777725,0.03701276099309325,-1.1993933320045471,1.9277829360961913,0.7834974750876427,0.4158392971754074,0.2643061392009258,1.9170380544662475,0.7888254448771477,1.9177319669723512,0.7876705229282379,0.1512368005514145,0.13792434707283974,0.14954535007476807,0.1428048498928547,0.6583029103279113,0.5402789413928986,0.6434065818786621,0.5496753938496113,0.07433915764093399,0.09080713987350464,-3.166666666666667,-3.1666666666666665
20260513_143255_136355,11,2026_05_13_DesignCycle0_ep11,24,0.05020014576613903,0.050752260573208335,-2.399386167526245,0.03784237476065755,0.03709383285604417,-1.1930245906114578,2.0416799688339236,0.8045516908168793,0.4247735351324081,0.2402034755796194,2.0486465883255005,0.7842729389667511,2.0490091848373413,0.7809100970625877,0.1487392571568489,0.14308679290115833,0.15068278342485428,0.14156263321638107,0.6917811799049377,0.5777917727828026,0.691142292022705,0.5748928152024746,0.07270903766155243,0.09016092214733362,-3.0,-3.0
20260513_143255_136355,11,2026_05_13_DesignCycle0_ep11,25,0.06019081823527813,0.06088952511548996,-2.4381588077545167,0.036460804753005505,0.035524901235476136,-1.2379321157932281,2.104170823097229,0.8255153372883797,0.425137482881546,0.20589422434568405,2.083684272766113,0.8196587339043617,2.082428312301636,0.8183841928839684,0.16559150964021682,0.13427867274731398,0.1672795057296753,0.13051881920546293,0.7055313313007354,0.5310254991054535,0.6845978832244873,0.5188308134675026,0.07114297181367873,0.08952931128442287,-2.833333333333333,-2.833333333333333
20260513_143255_136355,11,2026_05_13_DesignCycle0_ep11,26,0.06491042338311673,0.06362916439771653,-2.4905120658874513,0.044584362767636776,0.04411935340613127,-1.2751459330320358,2.1385449886322023,0.845220759510994,0.45766963124275206,0.2563640959560871,2.144370226860046,0.8520931154489517,2.1431577730178835,0.8463355302810669,0.16517778098583222,0.13698169216513634,0.16430152863264083,0.13538534194231033,0.7633598828315735,0.7947942577302456,0.7651723432540893,0.7908953502774239,0.069638070166111,0.08891100436449051,-2.666666666666666,-2.666666666666666
20260513_143255_136355,11,2026_05_13_DesignCycle0_ep11,27,0.056595928966999054,0.05715334914624691,-2.582060766220093,0.03871311782859266,0.03766319598071277,-1.2863938361406326,2.2597454738616944,0.8689355328679085,0.4457544231414795,0.2504722811281681,2.2521544075012208,0.8862704485654831,2.251923475265503,0.8883196786046028,0.15427588194608688,0.1364646516740322,0.15573167383670808,0.13580854050815105,0.7148136329650879,0.6730220913887024,0.7118671751022339,0.6512925252318382,0.06817944794893264,0.08830228634178638,-2.5,-2.5
20260513_143255_136355,11,2026_05_13_DesignCycle0_ep11,28,0.08081433221697808,0.07975821442902088,-2.61565878868103,0.04192151338793337,0.038053047843277454,-1.2882841378450394,2.298112916946411,0.8920460417866707,0.4739296352863312,0.2404225766658783,2.2972705364227295,0.8891111686825752,2.299842472076416,0.8934468924999237,0.16572038561105729,0.1532314196228981,0.16892599552869797,0.1435206439346075,0.972567458152771,0.5746490657329559,0.9586389231681823,0.5626370683312416,0.0667757174372673,0.08770754281431437,-2.333333333333333,-2.333333333333333
20260513_143255_136355,11,2026_05_13_DesignCycle0_ep11,29,0.05066262684762478,0.05227710500359535,-2.6940328598022463,0.03646375937387347,0.03604889241978526,-1.3090121001005173,2.3917770195007324,0.9464123100042343,0.4081148290634155,0.24494614824652672,2.39089693069458,0.921731598675251,2.3899589252471922,0.9245446473360062,0.14488706529140472,0.1406833939254284,0.14786751836538314,0.1389351263642311,0.6846787118911744,0.5374395847320557,0.7033760786056519,0.5389538556337357,0.06541225105524064,0.08712781313806772,-2.166666666666667,-2.166666666666667
20260513_143255_136355,11,2026_05_13_DesignCycle0_ep11,30,0.06506169326603413,0.06239738658070564,-2.719554929733276,0.044322274858132005,0.03972522192634642,-1.3182406723499298,2.419184160232544,0.9194054827094078,0.46808175325393675,0.29342153295874596,2.4068409633636474,0.9104020521044731,2.408316135406494,0.917617991566658,0.16565271705389023,0.15523959416896105,0.1599544045329094,0.14277820941060781,0.8023355317115783,0.5790257751941681,0.7985245382785797,0.5787456966936588,0.0640989550948143,0.08655591867864132,-2.0,-2.0
20260513_143255_136355,11,2026_05_13_DesignCycle0_ep11,31,0.06299378968775272,0.06139054760336876,-2.844849081039429,0.02437668014317751,0.026589101646095514,-1.3318993598222733,2.531165752410889,0.9485684186220169,0.4419962990283966,0.24057712964713573,2.540600395202637,0.9509826079010963,2.5396938800811766,0.9492939338088036,0.15001075357198715,0.12071778532117605,0.14632234156131743,0.12540206965059042,0.804726414680481,0.3850684016942978,0.8060003304481507,0.4199385233223438,0.0628323857486248,0.08599681686609983,-2.0,-2.0
20260513_143255_136355,11,2026_05_13_DesignCycle0_ep11,32,0.05298139922320843,0.05603195272386074,-2.9047556495666504,0.03153048176318407,0.03337597684003413,-1.3805597871541977,2.6344479942321777,0.9834905490279198,0.40877763986587523,0.24898524023592472,2.619487457275391,0.9807715937495232,2.6185969734191894,0.9768197610974312,0.15105493992567062,0.13068037386983633,0.1570901530981064,0.13560414593666792,0.674985773563385,0.5125401690602303,0.6940621304512024,0.5136537551879883,0.06159036174416542,0.08545193634927273,-2.0,-2.0
20260513_143255_136355,11,2026_05_13_DesignCycle0_ep11,33,0.04463053185492754,0.04610589824616909,-2.9334492588043215,0.03053761040791869,0.0309236851753667,-1.4097022861242294,2.6471965980529784,1.0109111815690994,0.453152220249176,0.25733341462910175,2.6534834194183348,1.0152895078063011,2.6523334980010986,1.009577713906765,0.1428770163655281,0.12424004729837179,0.14523409843444823,0.12670303042978048,0.5826239585876465,0.5190841183066368,0.5954124212265015,0.5120410956442356,0.06035068139433861,0.08490979392081499,-2.0,-2.0
20260513_143255_136355,11,2026_05_13_DesignCycle0_ep11,34,0.07040109548717738,0.06577393770217896,-2.9709470462799072,0.034856546903029084,0.03437759610824287,-1.4155452996492386,2.6968385791778564,1.031803898513317,0.47589359879493714,0.25344109162688255,2.689779214859009,1.0256060287356377,2.6921404457092284,1.0281204506754875,0.1543289253115654,0.13296093046665192,0.14838968008756637,0.13222991209477186,0.8253981399536133,0.5498247295618057,0.8012985658645629,0.5499510020017624,0.059115760028362274,0.08436622470617294,-2.0,-2.0
20260513_143255_136355,11,2026_05_13_DesignCycle0_ep11,35,0.060824566408991816,0.06166995633393526,-3.0383080291748046,0.0420400770381093,0.0390665796585381,-1.4448785334825516,2.767785930633545,1.0548457279801369,0.4599622249603271,0.25474800169467926,2.768025531768799,1.056930810213089,2.768291482925415,1.0558000355958939,0.14583059132099152,0.13425897154957056,0.14456978291273118,0.1298911003395915,0.7688299226760864,0.6711343079805374,0.7776384735107422,0.6516965553164482,0.05788925126194954,0.08382298517972231,-2.0,-2.0
20260513_143255_136355,11,2026_05_13_DesignCycle0_ep11,36,0.08686363875865936,0.08547006700187922,-3.076310882568359,0.030138011556118727,0.029750068206340075,-1.4905916452407837,2.825124168395996,1.1033773720264435,0.4564621078968048,0.2583263572305441,2.824335479736328,1.0930555313825607,2.8238180351257323,1.0923604667186737,0.15666750133037566,0.12709045503288507,0.15505915999412537,0.12633717339485884,0.978351583480835,0.4970870390534401,0.9836852598190308,0.4899483546614647,0.05668234586715698,0.08327748533338308,-2.0,-2.0
20260513_143255_136355,11,2026_05_13_DesignCycle0_ep11,37,0.07742554068565369,0.07544895373284817,-3.080967960357666,0.02554354991298169,0.025956658530049026,-1.5058280378580093,2.8280488586425783,1.1193177178502083,0.5076317167282105,0.23417304083704948,2.820248832702637,1.1197065189480782,2.8203134059906008,1.1213152930140495,0.16192767083644866,0.12337696552276611,0.15702942937612532,0.12202542833983898,0.9356465911865235,0.42849864065647125,0.9254899859428406,0.44383881986141205,0.0555066367983818,0.0827308688312769,-2.0,-2.0
20260513_143255_136355,11,2026_05_13_DesignCycle0_ep11,38,0.07290170907974243,0.07891988955438137,-3.184285306930542,0.05486664059571922,0.053459838731214404,-1.4925949573516846,2.937692222595215,1.134419858455658,0.5048859417438507,0.26696944050490856,2.940525007247925,1.1287652850151062,2.940466833114624,1.131800815463066,0.15555853486061097,0.15458196215331554,0.1701058691740036,0.14967523887753487,0.821418228149414,0.8305441997945309,0.8328273034095764,0.8278668969869614,0.05434923157095909,0.08218396361917257,-2.0,-2.0
20260513_143255_136355,11,2026_05_13_DesignCycle0_ep11,39,0.06907831519842147,0.07195819653570652,-3.2346935653686524,0.028019336750730872,0.026947516482323408,-1.5338111370801926,2.994293146133423,1.1708386540412903,0.489789764881134,0.2464788854122162,2.9846648597717285,1.1654525250196457,2.982033205032349,1.1634872406721115,0.15409899801015853,0.12386492267251015,0.1629958501458168,0.12149213254451752,0.7757288932800293,0.4794044643640518,0.7832912254333496,0.4692078158259392,0.05321781650185585,0.08164214994758368,-2.0,-2.0
