Run_ID,Run_Start_Episode,Resume_Checkpoint,Episode,Ind_Q1_Loss,Ind_Q2_Loss,Ind_Policy_Loss,Pop_Q1_Loss,Pop_Q2_Loss,Pop_Policy_Loss,Ind_Q_Target_Mean,Pop_Q_Target_Mean,Ind_Q_Target_Std,Pop_Q_Target_Std,Ind_Q1_Prediction_Mean,Pop_Q1_Prediction_Mean,Ind_Q2_Prediction_Mean,Pop_Q2_Prediction_Mean,Ind_Q1_TD_Abs_Mean,Pop_Q1_TD_Abs_Mean,Ind_Q2_TD_Abs_Mean,Pop_Q2_TD_Abs_Mean,Ind_Q1_TD_Abs_Max,Pop_Q1_TD_Abs_Max,Ind_Q2_TD_Abs_Max,Pop_Q2_TD_Abs_Max,Ind_Alpha,Pop_Alpha,Ind_Target_Entropy,Pop_Target_Entropy
20260518_174020_869125,0,,1,0.8855104012922808,0.8724331042983315,-0.5462088801644065,0.830336719751358,0.8232595026493073,-0.5142970271408558,0.4890685000202872,0.4307995028793812,0.8292077508839694,0.8129739463329315,0.0757164547738449,0.0368532924949249,0.0929044696994506,0.0455590884084813,0.8402068344029513,0.7905104234814644,0.8358588218688965,0.7887895926833153,1.4554286978461526,1.481367751955986,1.4389711835167625,1.4691680520772934,0.0994021919640627,0.0995512986555695,-6.833333333333332,-6.833333333333333
20260518_174020_869125,0,,2,0.5680557980256922,0.5751929791534648,-1.0681343324044172,0.588583454489708,0.5812420174479485,-0.8509015366435051,0.3864116576116751,0.3045376446098089,0.8454131624277901,0.8144655302166939,0.5341491594034082,0.3721424620598554,0.5497371221289915,0.4009478110820055,0.6693640824626473,0.6972469612956047,0.6702084979590248,0.695034347474575,1.2364491434658276,1.175797462463379,1.2459855921128218,1.1546789705753326,0.0980255261940114,0.0987593391910195,-6.666666666666667,-6.666666666666667
20260518_174020_869125,0,,3,0.7197421220215884,0.7172350924123417,-0.5613908374851401,0.6092576645314693,0.6122404038906097,-0.9132629930973052,0.2950815354389223,0.3656246401369571,0.7747688483108174,0.8083496168255806,0.1080354443666609,0.4732321985065937,0.1369748112152923,0.4777722135186195,0.7129193246364594,0.6942961886525154,0.7165898436849768,0.6969473659992218,1.5768637548793445,1.3732392340898514,1.5557946346022866,1.384917452931404,0.0962314060465856,0.0979794282466173,-6.5,-6.5
20260518_174020_869125,0,,4,0.4598522615432739,0.5141485011577607,-0.8644740223884583,0.5651960670948029,0.5889020748436451,-0.7482720762491226,0.4253716224431991,0.4548743329942226,0.7831212115287781,0.815504752099514,0.4346717584133148,0.3117854502052068,0.4076997992396354,0.2797207869589329,0.5851591873168945,0.6660353466868401,0.6178957486152649,0.6812452673912048,1.3416599798202515,1.2885382324457169,1.376662530899048,1.3160706758499146,0.0940169602632522,0.0972221922129392,-6.333333333333334,-6.333333333333333
20260518_174020_869125,0,,5,0.3500147068500518,0.3841346234083175,-1.0418893527984618,0.5619787015020847,0.5712677761912346,-1.052712433040142,0.3676128295063972,0.2713257875293493,0.7645804858207703,0.7585695832967758,0.3489300119876861,0.6012588664889336,0.3711994618177414,0.5963377319276333,0.486588853597641,0.6223938837647438,0.5232249188423157,0.6299055218696594,1.2726465821266175,1.5364455878734589,1.2733432483673095,1.5239151865243912,0.0918395096063613,0.0964772086590528,-6.166666666666666,-6.166666666666667
20260518_174020_869125,0,,6,0.3135338985919952,0.321079756617546,-1.0837661409378052,0.5574011132121086,0.5541733950376511,-0.5256395936012268,0.4372405380010605,0.3726684842258692,0.7200921750068665,0.7321022227406502,0.4006378483772277,0.1278530694544315,0.397426974773407,0.1335809417068958,0.4454006147384644,0.6361183673143387,0.4500230050086975,0.6343703418970108,1.2504986715316773,1.437667116522789,1.2929276990890504,1.4247583746910095,0.0898592403531074,0.0957832969725132,-6.0,-6.0
20260518_174020_869125,0,,7,0.2874808722734451,0.2892816668748855,-1.1305167293548584,0.4649680815637111,0.4559598602354526,-0.6096557155251503,0.5587028384208679,0.5260946750640869,0.6802692651748657,0.6432056948542595,0.5404445362091065,0.2137477956712246,0.5321083784103393,0.2287756726145744,0.4391471898555755,0.5733467042446136,0.4377108681201935,0.5684174597263336,1.1795961475372314,1.326132208108902,1.1953703236579896,1.3266224712133408,0.0878903466463089,0.0950825093314051,-5.833333333333334,-5.833333333333333
20260518_174020_869125,0,,8,0.2289958328008651,0.2310056984424591,-1.2014248967170715,0.3320556133985519,0.3441296108067035,-0.9691252633929252,0.6467347955703735,0.4388305135071277,0.631003224849701,0.6546054258942604,0.6333238840103149,0.6071719415485859,0.6347744119167328,0.6249732077121735,0.3744370305538178,0.4917424246668815,0.3751949119567871,0.5020833648741245,1.1557028579711914,1.1994264870882034,1.1689855718612672,1.211257018148899,0.0858899891376495,0.094352526590228,-5.666666666666666,-5.666666666666667
20260518_174020_869125,0,,9,0.2103865808248519,0.2196009385585784,-1.2903350019454956,0.2831137124449014,0.2917453963309526,-0.8812592104077339,0.7188033282756805,0.4989922642707824,0.6332038021087647,0.5805724672973156,0.7037642002105713,0.5070235878229141,0.6975814771652221,0.4900656938552856,0.3647918784618377,0.4369248114526272,0.3717671465873718,0.4433166980743408,1.0467657804489137,1.1219184398651123,1.0775414419174194,1.1064234152436256,0.0838935941457748,0.0936195356771349,-5.5,-5.5
20260518_180253_864945,76,2026_05_18_DesignCycle0_ep76,76,0.11764728960891564,0.1224769875407219,-2.3703786929448447,0.07707820584376653,0.07493054618438084,-1.0771600405375164,2.0795216957728067,0.788865993420283,0.30846481770277023,0.32194942732652027,2.0639860033988953,0.7636000712712606,2.0509108702341714,0.7593058347702026,0.24916275839010874,0.22061595072348913,0.2554257735610008,0.21729703744252524,0.9871395627657572,0.6418136656284332,1.0140079458554585,0.6393435994784037,0.09965084244807561,0.09964993223547935,-2.0,-2.0
