Run_ID,Run_Start_Episode,Resume_Checkpoint,Episode,Ind_Q1_Loss,Ind_Q2_Loss,Ind_Policy_Loss,Pop_Q1_Loss,Pop_Q2_Loss,Pop_Policy_Loss,Ind_Q_Target_Mean,Pop_Q_Target_Mean,Ind_Q_Target_Std,Pop_Q_Target_Std,Ind_Q1_Prediction_Mean,Pop_Q1_Prediction_Mean,Ind_Q2_Prediction_Mean,Pop_Q2_Prediction_Mean,Ind_Q1_TD_Abs_Mean,Pop_Q1_TD_Abs_Mean,Ind_Q2_TD_Abs_Mean,Pop_Q2_TD_Abs_Mean,Ind_Q1_TD_Abs_Max,Pop_Q1_TD_Abs_Max,Ind_Q2_TD_Abs_Max,Pop_Q2_TD_Abs_Max,Ind_Alpha,Pop_Alpha,Ind_Target_Entropy,Pop_Target_Entropy
20260520_152946_479742,0,2026_05_13_DesignCycle0_ep40,1,0.13243983641266824,0.1332557553052902,-2.396030569076538,0.1219608411192894,0.11951209185644984,-1.2071724832057953,2.021874761581421,0.8559141457080841,0.46153689682483673,0.391369316726923,2.0159054040908813,0.8096292987465858,2.016041646003723,0.8103882074356079,0.250494544506073,0.24907568097114563,0.24926376283168794,0.24773461557924747,1.1168689131736755,0.9061495736241341,1.1531925296783447,0.8921479284763336,0.09870935767889023,0.09955162927508354,-6.833333333333334,-6.833333333333333
20260520_152946_479742,0,2026_05_13_DesignCycle0_ep40,2,0.14390964090824127,0.14501032799482347,-2.4321046257019043,0.12049787677824497,0.12489294540137053,-1.224155768752098,2.077358503341675,0.8117247223854065,0.4810840857028961,0.3972168378531933,2.0579995059967042,0.8392555564641953,2.059477462768555,0.8330284804105759,0.24463362574577333,0.2532588969916105,0.24250198125839234,0.2594036776572466,1.21703364610672,0.9556706696748734,1.2063692164421083,0.945306234061718,0.09627934038639069,0.09875913430005312,-6.666666666666666,-6.666666666666667
20260520_152946_479742,0,2026_05_13_DesignCycle0_ep40,3,0.09706047818064689,0.09609571620821952,-2.47302170753479,0.12310279998928308,0.11375182773917913,-1.2260758578777313,2.1197198104858397,0.8490700498223305,0.447660835981369,0.3703513480722904,2.1171527338027953,0.8159903138875961,2.1166484212875365,0.8308703154325485,0.2244552081823349,0.2540383581072092,0.21994303584098815,0.24341869913041592,0.9576475071907044,1.0434544533491135,0.9841318130493164,0.9872849211096764,0.09391812980175018,0.09797616302967072,-6.5,-6.5
20260520_152946_479742,0,2026_05_13_DesignCycle0_ep40,4,0.09879733815789223,0.09978520616889,-2.499405794143677,0.11807773262262344,0.11463467124849558,-1.2166721820831299,2.1516783237457275,0.8647911474108696,0.48388728976249695,0.39129888638854027,2.1412645292282106,0.8335476666688919,2.140033526420593,0.8230301216244698,0.22172195374965667,0.24072916246950626,0.22207355558872222,0.23532601818442345,0.926989893913269,1.1079256609082222,0.9303419852256775,1.0798740237951279,0.09165247172117233,0.09720344841480255,-6.333333333333334,-6.333333333333333
20260520_152946_479742,0,2026_05_13_DesignCycle0_ep40,5,0.12375302627682686,0.12623975202441215,-2.5086552619934084,0.134448466822505,0.13200187776237726,-1.3252339959144592,2.156032853126526,0.924373559653759,0.5413989436626434,0.4347136877477169,2.15957088470459,0.9388235509395599,2.161792058944702,0.9364833757281303,0.24082161366939545,0.274769676849246,0.24272636890411378,0.269916957244277,1.1550155305862426,1.0214028060436249,1.1712830424308778,1.0379976406693459,0.08946459710597993,0.09644276555627584,-6.166666666666666,-6.166666666666667
20260520_152946_479742,0,2026_05_13_DesignCycle0_ep40,6,0.12275501370429992,0.12057058706879616,-2.5736196136474607,0.08485168870538473,0.08157704351469874,-1.2474100291728973,2.23683575630188,0.88761917501688,0.5232203316688537,0.34137992188334465,2.227334585189819,0.8460252285003662,2.228775968551636,0.8505781963467598,0.23794331073760985,0.21566679887473583,0.23794523000717163,0.21190651692450047,1.0950875473022461,0.7624553292989731,1.0628784728050231,0.7497134357690811,0.08735299587249756,0.0956916231662035,-6.0,-6.0
20260520_152946_479742,0,2026_05_13_DesignCycle0_ep40,7,0.14088745310902595,0.14471542075276375,-2.5985895442962645,0.10128628043457866,0.09708232432603836,-1.3177209198474884,2.260955572128296,0.8987012505531311,0.5685576188564301,0.40375395119190216,2.2662278461456298,0.9333194047212601,2.262973804473877,0.9283246397972107,0.2435445022583008,0.23662124387919903,0.24561717212200165,0.22985236160457134,1.1936547327041627,0.9106772243976593,1.2036715602874757,0.9086619764566422,0.08528094828128814,0.09494902286678553,-5.833333333333334,-5.833333333333333
20260520_152946_479742,0,2026_05_13_DesignCycle0_ep40,8,0.087138242572546,0.08635324448347091,-2.6171947956085204,0.11774771520867944,0.11470015766099095,-1.251597821712494,2.3105866432189943,0.9251218810677528,0.5349351942539216,0.40518634766340256,2.2881835460662843,0.8813105970621109,2.288181781768799,0.8955124542117119,0.22111650705337524,0.2529525775462389,0.2203496789932251,0.24967374093830585,0.82566330909729,1.001808300614357,0.8285910177230835,0.996027022600174,0.08329099416732788,0.09421520866453648,-5.666666666666666,-5.666666666666667
20260520_152946_479742,0,2026_05_13_DesignCycle0_ep40,9,0.11365953639149666,0.11149216115474701,-2.676591606140137,0.09420289192348719,0.09148057829588652,-1.3317826241254807,2.3565635013580324,0.9591777846217155,0.5337249898910522,0.3899953067302704,2.3529845237731934,0.9760426804423332,2.3525322914123534,0.9676435515284538,0.22508078217506408,0.2252757903188467,0.22305643141269685,0.22066411562263966,1.0447840261459351,0.85911525785923,1.0587737131118775,0.8452924117445946,0.081396364569664,0.093498969450593,-5.5,-5.5
20260520_152946_479742,0,2026_05_13_DesignCycle0_ep40,10,0.14010709017515183,0.1418594092130661,-2.730226573944092,0.10313758440315723,0.10070298612117767,-1.2911389470100403,2.4025211334228516,0.9746119752526283,0.5615041661262512,0.3530648984014988,2.408243999481201,0.9559474363923073,2.407252893447876,0.961530975997448,0.24211591005325317,0.23347910307347775,0.2434799712896347,0.23115411773324013,1.1766856956481933,0.8662983849644661,1.19229407787323,0.8722169697284698,0.07955637842416763,0.0928012179210782,-5.333333333333334,-5.333333333333334
20260520_152946_479742,0,2026_05_13_DesignCycle0_ep40,11,0.10043630123138428,0.1027630952000618,-2.7378267288208007,0.10679567232728004,0.10686122858896852,-1.3318697214126587,2.424629011154175,0.9578144326806068,0.5427324008941651,0.4171879179775715,2.4125298976898195,0.9434586763381958,2.413069486618042,0.9457591325044632,0.21441956758499145,0.24040160700678825,0.21603818535804747,0.24021035619080067,0.9691014432907105,0.9890962690114975,0.9781677293777465,0.97911137342453,0.07777763098478317,0.09211791772395372,-5.166666666666666,-5.166666666666667
20260520_152946_479742,0,2026_05_13_DesignCycle0_ep40,12,0.10183602929115296,0.0997292321920395,-2.784030065536499,0.0991709535010159,0.09894800186157227,-1.3879332393407822,2.4886012935638426,1.0188140720129013,0.549894984960556,0.36786628141999245,2.484782238006592,1.0151866748929024,2.4843305587768554,1.0102580562233925,0.22385438919067382,0.2148726601153612,0.221110298037529,0.21971253119409084,0.9220852208137512,0.9764585867524147,0.9313614249229432,0.9697920680046082,0.07602861255407334,0.09144518710672855,-5.0,-5.0
20260520_152946_479742,0,2026_05_13_DesignCycle0_ep40,13,0.0940272344648838,0.0931705941259861,-2.8207190895080565,0.10132848937064409,0.101913558319211,-1.3687005937099457,2.5328139781951906,1.021084651350975,0.4856575644016266,0.3574425242841244,2.521414337158203,1.0085139870643616,2.524294443130493,1.0098586678504944,0.2070212870836258,0.22674255073070526,0.20766294479370118,0.225889153778553,0.9748567199707031,0.9951046630740166,0.9536399555206299,1.0257051065564156,0.07435436218976975,0.09078200347721577,-4.833333333333333,-4.833333333333333
20260520_152946_479742,0,2026_05_13_DesignCycle0_ep40,14,0.1200854805111885,0.1187306860089302,-2.8683736419677732,0.1110436343587935,0.11062685446813703,-1.4493483752012253,2.604886407852173,1.0874822586774826,0.5224431216716766,0.38175851851701736,2.5853538131713867,1.101310908794403,2.584513740539551,1.1016549915075302,0.24108224093914032,0.24294495955109596,0.24165255725383758,0.24261931143701077,1.044606819152832,0.960363432765007,1.0274741172790527,0.9539105892181396,0.07275539726018905,0.09012776147574186,-4.666666666666666,-4.666666666666666
20260520_152946_479742,0,2026_05_13_DesignCycle0_ep40,15,0.10456269234418869,0.10869369864463806,-2.9177190685272216,0.0961352619342506,0.09780808351933956,-1.3791589736938477,2.6353541946411134,1.0615197122097015,0.5222216832637787,0.38774747774004936,2.6410724353790282,1.0420092195272446,2.6399224758148194,1.0342123359441757,0.23983760297298432,0.23081327974796295,0.24687824428081512,0.23514676839113235,0.8778408813476563,0.8844696804881096,0.8964336776733398,0.8644175454974174,0.07117618083953857,0.0894867954775691,-4.5,-4.5
20260520_152946_479742,0,2026_05_13_DesignCycle0_ep40,16,0.11815793380141258,0.11817522555589675,-2.8666086292266844,0.09504163125529885,0.08801217097789049,-1.4443197846412659,2.6099601936340333,1.0767844840884209,0.5099137735366821,0.36566298082470894,2.605782470703125,1.0968206971883774,2.6027223873138428,1.100496307015419,0.2120713037252426,0.2266425509005785,0.21016475617885588,0.22014020197093487,1.0621434593200683,0.865566112101078,1.0561032056808473,0.8243241608142853,0.06967769026756286,0.0888593615964055,-4.333333333333334,-4.333333333333334
20260520_152946_479742,0,2026_05_13_DesignCycle0_ep40,17,0.15469270214438438,0.15838419541716575,-2.9266604804992675,0.09930294379591942,0.09969778079539537,-1.3811383992433548,2.6653314304351805,1.0904345363378525,0.5265355110168457,0.3568953089416027,2.6652815914154053,1.0527755543589592,2.6691646862030027,1.0524295270442963,0.22768493115901947,0.23206717148423195,0.2293917292356491,0.23089978098869324,1.3219671154022217,0.9435445740818977,1.3326601934432984,0.9482963979244232,0.06828082948923112,0.08825044240802526,-4.166666666666667,-4.166666666666667
20260520_152946_479742,0,2026_05_13_DesignCycle0_ep40,18,0.09825781419873238,0.09800868034362793,-2.944235906600952,0.09182311967015266,0.09434268157929182,-1.4242690056562424,2.685795364379883,1.0956416130065918,0.4796153938770294,0.38243721053004265,2.6812955570220947,1.0980056375265121,2.6789569950103758,1.0942512452602386,0.20862383902072906,0.21702413260936737,0.20634389460086822,0.2211211882531643,0.9816560649871826,0.8985204473137856,0.9613317680358887,0.8925558254122734,0.06690877735614777,0.08763717114925385,-4.0,-4.0
20260520_152946_479742,0,2026_05_13_DesignCycle0_ep40,19,0.1258221174776554,0.12579542696475982,-3.001177263259888,0.10141940834000707,0.10029426962137222,-1.433013215661049,2.758676176071167,1.124955601990223,0.48270465970039367,0.3539442643523216,2.7424095058441162,1.1202659383416176,2.7442750453948976,1.1251630783081055,0.22166630506515503,0.23650612495839596,0.2211321347951889,0.23728984221816063,1.1296009778976441,0.902464859187603,1.1275118684768677,0.9142426326870918,0.06555374383926392,0.08703884668648243,-3.833333333333333,-3.8333333333333335
20260520_152946_479742,0,2026_05_13_DesignCycle0_ep40,20,0.17504951238632202,0.17527003616094589,-3.0551474857330323,0.07556003890931606,0.07442829990759492,-1.478087916970253,2.8048588180541993,1.1559450775384903,0.5432325947284699,0.3299629371613264,2.8080617427825927,1.1496552973985672,2.8062455368041994,1.1494129747152328,0.25907535254955294,0.19514396972954273,0.2560435950756073,0.19388081692159176,1.3812468433380127,0.8008840382099152,1.401698899269104,0.7874617651104927,0.06426931291818619,0.0864556198939681,-3.666666666666667,-3.666666666666667
20260520_152946_479742,0,2026_05_13_DesignCycle0_ep40,21,0.10408224180340767,0.10516146779060363,-3.076220417022705,0.09128813445568085,0.0921745402738452,-1.465843826532364,2.835941390991211,1.1551941186189651,0.49982597947120666,0.3392685689032078,2.8158709049224853,1.127782255411148,2.8171322345733643,1.126686230301857,0.2321279376745224,0.21649844758212566,0.23087180018424988,0.2179998029023409,0.9392641401290893,0.88010623306036,0.9618207502365113,0.8896436095237732,0.06302550464868545,0.08588370122015476,-3.5,-3.5
20260520_152946_479742,0,2026_05_13_DesignCycle0_ep40,22,0.12308288633823394,0.1250757610797882,-3.1591240215301513,0.07725427346304059,0.07607885962352157,-1.4696197360754013,2.891673192977905,1.1385509073734283,0.5146754002571106,0.3234261404722929,2.8963757514953614,1.1282766610383987,2.8963420486450193,1.1253903061151505,0.2451520401239395,0.20231658965349197,0.24704497158527375,0.20105968788266182,1.0719845581054688,0.7593032047152519,1.052236452102661,0.7438939362764359,0.061833543479442594,0.085314204916358,-3.333333333333333,-3.3333333333333335
20260520_152946_479742,0,2026_05_13_DesignCycle0_ep40,23,0.09679049476981164,0.09729324355721473,-3.134447555541992,0.08625400438904762,0.08480630535632372,-1.511170580983162,2.8978589725494386,1.1493890136480331,0.4516801702976227,0.36173129454255104,2.8864174556732176,1.150850087404251,2.8860964298248293,1.1549080908298492,0.21420695006847382,0.2224914152175188,0.21624239504337311,0.21755742095410824,0.9639021015167236,0.7350201308727264,0.9706052780151367,0.7599639967083931,0.06067894265055657,0.08476343657821417,-3.166666666666667,-3.1666666666666665
20260520_152946_479742,0,2026_05_13_DesignCycle0_ep40,24,0.07865309685468674,0.07725525066256524,-3.224200210571289,0.08003484085202217,0.08074840623885393,-1.5115037858486176,2.970632848739624,1.1984609961509705,0.45040628910064695,0.35997687093913555,2.97504243850708,1.209592953324318,2.9747612476348877,1.206764206290245,0.19702963054180145,0.20612607151269913,0.1928540712594986,0.2056327760219574,0.8201411819458008,0.7869116067886353,0.8198034000396729,0.8050021529197693,0.05958252102136612,0.0842242930084467,-3.0,-3.0
20260520_152946_479742,0,2026_05_13_DesignCycle0_ep40,25,0.14364234641194343,0.14606197007000446,-3.2095694541931152,0.08104715868830681,0.07988058030605316,-1.5931141376495361,2.976096200942993,1.2544542402029037,0.4658400702476502,0.3687727600336075,2.9744652843475343,1.256169781088829,2.9749021244049074,1.2552683800458908,0.2160248988866806,0.20764847099781036,0.21658728361129762,0.20382991805672646,1.2049777793884278,0.8005087971687317,1.2094923496246337,0.8098930269479752,0.05850950479507446,0.08369654882699251,-2.833333333333333,-2.833333333333333
20260520_152946_479742,0,2026_05_13_DesignCycle0_ep40,26,0.09369446620345116,0.09474214911460876,-3.2343171977996827,0.09073891490697861,0.09343655174598098,-1.5223070979118347,2.9989312171936033,1.2415249049663544,0.43154383182525635,0.35420558601617813,2.9934985065460205,1.202116534113884,2.992420597076416,1.1992631554603577,0.20333183586597442,0.22212397307157516,0.20393698871135713,0.22595149092376232,0.9391040420532226,0.8357480466365814,0.9295532608032226,0.8505786284804344,0.057506567984819415,0.08319552056491375,-2.666666666666666,-2.666666666666666
20260520_152946_479742,0,2026_05_13_DesignCycle0_ep40,27,0.08579882681369781,0.08544421166181565,-3.3552952289581297,0.0949510601349175,0.09567827545106411,-1.6099359393119812,3.10508355140686,1.2736641019582748,0.45196310997009276,0.3386249803006649,3.1038015365600584,1.2901667356491089,3.1053777885437013,1.2932913303375244,0.20084766864776613,0.21470900624990463,0.19772451162338256,0.21817910484969616,0.8844161415100098,0.9249089658260345,0.8725139808654785,0.9234009981155396,0.056525424122810364,0.08271106891334057,-2.5,-2.5
20260520_152946_479742,0,2026_05_13_DesignCycle0_ep40,28,0.1073218685388565,0.10915077432990074,-3.3316909980773928,0.08984047407284379,0.09189700474962592,-1.582690179347992,3.099924325942993,1.2553393989801407,0.465259530544281,0.3401431683450937,3.101566934585571,1.272550418972969,3.1016456413269045,1.2738057225942612,0.21228582561016082,0.21169509924948215,0.2116783767938614,0.21222995780408382,1.0425043773651124,0.9223065599799156,1.0579419422149658,0.9414595738053322,0.05554517641663551,0.08222884591668844,-2.333333333333333,-2.333333333333333
20260520_152946_479742,0,2026_05_13_DesignCycle0_ep40,29,0.09975532464683055,0.10328268975019456,-3.361050205230713,0.1133285528048873,0.11361198779195547,-1.5829210728406906,3.1551480102539062,1.319253608584404,0.45902098655700685,0.3713918626308441,3.1396926975250246,1.276284709572792,3.139788017272949,1.2732880264520645,0.20548216223716737,0.24081348441541195,0.2094264245033264,0.2433010581880808,0.9553967475891113,0.9266282841563225,0.9544963932037354,0.9370372071862221,0.054621810168027876,0.08175456896424294,-2.166666666666667,-2.166666666666667
20260520_152946_479742,0,2026_05_13_DesignCycle0_ep40,31,0.07254860602319241,0.07535872273147107,-3.663435926437378,0.06767373974435031,0.07053221995010972,-1.638589933514595,3.2306272697448732,1.232267513871193,0.6286361253261566,0.2897739466279745,3.2216325187683106,1.18696328997612,3.2208419322967528,1.182313784956932,0.1870901244878769,0.18471448961645365,0.1872131285071373,0.19022174924612045,0.7410340023040771,0.7599974572658539,0.7792379641532898,0.780035525560379,0.0987089690566063,0.09955106768757105,-6.833333333333334,-6.833333333333333
20260520_152946_479742,0,2026_05_13_DesignCycle0_ep40,32,0.11027026660740376,0.10803515546023845,-3.7033327770233155,0.03806751617230475,0.037988448049873114,-1.729360356926918,3.268804817199707,1.265126258134842,0.7129740869998932,0.29527321457862854,3.263839168548584,1.2714985758066177,3.264767761230469,1.2753880620002747,0.16357069373130798,0.13629555888473988,0.16373829185962677,0.13891661446541548,1.1557894039154053,0.5718191936612129,1.1364069652557374,0.5682885274291039,0.09626574665307999,0.09875747095793486,-6.666666666666666,-6.666666666666667
20260520_152946_479742,0,2026_05_13_DesignCycle0_ep40,33,0.08984029367566108,0.09100995726883411,-3.723123645782471,0.04113235557451844,0.04026189469732344,-1.7604143619537354,3.2879939174652097,1.3310555815696716,0.7362070894241333,0.26669646240770817,3.288177671432495,1.3296641111373901,3.2868706798553466,1.3313794136047363,0.18297943234443664,0.1450514756143093,0.185109703540802,0.14549151249229908,0.9760824394226074,0.5680118501186371,0.9863166832923889,0.5595739483833313,0.09390643626451492,0.09797191806137562,-6.5,-6.5
20260520_152946_479742,0,2026_05_13_DesignCycle0_ep40,34,0.12284375317394733,0.12205622486770153,-3.7730494213104246,0.030962323304265738,0.030514954822137952,-1.774550810456276,3.3571056365966796,1.3241886794567108,0.7663032984733582,0.2663650084286928,3.3535222148895265,1.3342214226722717,3.3544446277618407,1.330595076084137,0.19655556917190553,0.1243517603725195,0.19753348499536513,0.12412423267960548,1.206112675666809,0.49294522404670715,1.196893467903137,0.49683283269405365,0.09162089586257935,0.09719633404165506,-6.333333333333334,-6.333333333333333
20260520_152946_479742,0,2026_05_13_DesignCycle0_ep40,35,0.05408415365964174,0.05246655233204365,-3.800964107513428,0.04530082433484495,0.04562410502694547,-1.7519134432077408,3.411200551986694,1.3238563537597656,0.7439916253089904,0.30231453478336334,3.4071030235290527,1.3307490646839142,3.407557067871094,1.326678678393364,0.17696646630764007,0.13977819308638573,0.1716100713610649,0.1381626520305872,0.6104227066040039,0.7283265590667725,0.6180114507675171,0.7241615876555443,0.08941744148731232,0.09643280878663063,-6.166666666666666,-6.166666666666667
20260520_152946_479742,0,2026_05_13_DesignCycle0_ep40,36,0.10737608730793,0.10628284703940154,-3.835972852706909,0.04910879710223526,0.04703374346718192,-1.7363912016153336,3.445418663024902,1.3434849977493286,0.7958283710479737,0.29836857318878174,3.4417976665496828,1.3190546035766602,3.440687561035156,1.3168086111545563,0.16891365736722946,0.15854234900325537,0.16695458739995955,0.1510136593133211,1.0746067571640014,0.659800112247467,1.08184757232666,0.6452266126871109,0.08728461563587189,0.09568211622536182,-6.0,-6.0
20260520_152946_479742,0,2026_05_13_DesignCycle0_ep40,37,0.0767281948775053,0.07756860591471196,-3.8326909160614013,0.023924941197037697,0.023606612347066402,-1.795203685760498,3.460462408065796,1.3845798075199127,0.8595629858970643,0.26525510288774967,3.4474261665344237,1.370788425207138,3.447282476425171,1.3730296343564987,0.17344442278146743,0.11766953021287918,0.174633509516716,0.11790370009839535,0.7963747406005859,0.428090363740921,0.7932734298706055,0.4016830697655678,0.0852141359448433,0.0949417483061552,-5.833333333333334,-5.833333333333333
20260520_152946_479742,0,2026_05_13_DesignCycle0_ep40,38,0.06478729240596294,0.06512987680733204,-3.9708707332611084,0.04118345119059086,0.04294908884912729,-1.8136523216962814,3.5948214530944824,1.3791879266500473,0.8327445673942566,0.307899696752429,3.59508713722229,1.384718507528305,3.594437561035156,1.3849081695079803,0.14662282526493073,0.13027680199593306,0.14831586092710494,0.13377652410417795,0.6870531034469605,0.6418639272451401,0.6964970302581787,0.6490215808153152,0.08321017384529114,0.09421154949814081,-5.666666666666666,-5.666666666666667
20260520_152946_479742,0,2026_05_13_DesignCycle0_ep40,39,0.14862450942397118,0.1462398060411215,-3.978909759521484,0.03266136208549142,0.03152920654974878,-1.8268234431743622,3.5959418773651124,1.4006760567426682,0.8818509101867675,0.2994705159217119,3.5993507957458495,1.392415538430214,3.6014785671234133,1.3918425142765045,0.19419446349143982,0.12429225072264671,0.18720104098320006,0.12313471548259258,1.3004711866378784,0.5805668160319328,1.3031771516799926,0.5680190250277519,0.08127262979745865,0.09349491354078054,-5.5,-5.5
20260520_152946_479742,0,2026_05_13_DesignCycle0_ep40,40,0.08602825902402401,0.08459718629717827,-3.935224161148071,0.0433593422640115,0.04290047776885331,-1.8609290719032288,3.592415599822998,1.4361037611961365,0.875328688621521,0.3093717899173498,3.58260106086731,1.4284886121749878,3.584958562850952,1.4297353625297546,0.17631905019283295,0.14967598952353,0.17176066905260087,0.1465792115777731,0.8837456035614014,0.5786057859659195,0.8680758857727051,0.5828608497977257,0.07940212190151215,0.09279138501733541,-5.333333333333334,-5.333333333333334
20260520_152946_479742,0,2026_05_13_DesignCycle0_ep40,41,0.1027662229537964,0.10650630295276642,-4.051461553573608,0.04308799421414733,0.04215910146012902,-1.854226678609848,3.7071787452697755,1.4415453523397446,0.8589464569091797,0.33609428629279137,3.6997684383392335,1.4366359114646912,3.6970081615447996,1.4369133412837982,0.18593023777008055,0.14477082714438438,0.19235745787620545,0.14157373644411564,0.7533804035186767,0.6368070617318153,0.7717207002639771,0.6319598108530045,0.0776091468334198,0.09209948685020208,-5.166666666666666,-5.166666666666667
20260520_152946_479742,0,2026_05_13_DesignCycle0_ep40,42,0.08684453159570694,0.08685728192329406,-4.116028070449829,0.04472674848511815,0.0414447404909879,-1.8631842285394669,3.7752371883392333,1.4561385661363602,0.8826691484451294,0.31122859567403793,3.7664508914947508,1.443641647696495,3.768318157196045,1.4473349899053574,0.16434403628110886,0.1446175891906023,0.16370386153459549,0.13841140177100897,0.8884862899780274,0.6710585802793503,0.8822025990486145,0.6531743705272675,0.07586427181959152,0.09141851402819157,-5.0,-5.0
20260520_152946_479742,0,2026_05_13_DesignCycle0_ep40,43,0.09661844052374363,0.09855845361948014,-4.125421066284179,0.0326196844689548,0.03127945424057543,-1.9044856876134872,3.7829646396636964,1.4848528504371643,0.9153697299957275,0.2918248288333416,3.777087326049805,1.4872332066297531,3.775538501739502,1.4872722178697586,0.174394408762455,0.1299293441697955,0.17979247659444808,0.12640303652733564,0.9460236072540283,0.4912739619612694,0.9621569013595581,0.4760230779647827,0.0741648331284523,0.09074792824685574,-4.833333333333333,-4.833333333333333
20260520_152946_479742,0,2026_05_13_DesignCycle0_ep40,44,0.12974036782979964,0.130323081612587,-4.119215393066407,0.04344394197687507,0.0441300910897553,-1.923395648598671,3.7917400550842286,1.5134696811437607,0.9338603639602661,0.3269321918487549,3.795112419128418,1.5210780501365662,3.7944812870025633,1.518197014927864,0.18210933953523636,0.1344884019345045,0.18196008652448653,0.13357885461300611,1.1107490730285645,0.6695087552070618,1.118591594696045,0.7012007534503937,0.07252012789249421,0.09008784219622612,-4.666666666666666,-4.666666666666666
20260520_152946_479742,0,2026_05_13_DesignCycle0_ep40,45,0.059416614398360254,0.05930005773901939,-4.26087724685669,0.028248690767213702,0.028230210300534964,-1.9528080821037292,3.9405378246307374,1.5382473766803741,0.9011330580711365,0.33252475410699844,3.9317611026763917,1.54071444272995,3.934150705337524,1.5412153154611588,0.15673164904117584,0.12059587705880404,0.15914040237665175,0.11741853598505259,0.6833350110054016,0.5158204659819603,0.6922267746925354,0.4967968314886093,0.07093710124492646,0.08943973947316408,-4.5,-4.5
20260520_152946_479742,0,2026_05_13_DesignCycle0_ep40,46,0.07984106652438641,0.0806309236586094,-4.255672035217285,0.044733284041285515,0.04543131613172591,-1.96425661444664,3.956052846908569,1.5499088168144226,0.9437170839309692,0.3202596139162779,3.950430040359497,1.5486864894628525,3.947477464675903,1.5488799214363098,0.16984728544950486,0.13640575669705868,0.1728753751516342,0.13721875939518213,0.8088410377502442,0.7213291749358177,0.8186782932281494,0.7329184040427208,0.06938229650259017,0.08880108781158924,-4.333333333333334,-4.333333333333334
20260520_152946_479742,0,2026_05_13_DesignCycle0_ep40,47,0.10385889790952206,0.10236393958330155,-4.295945529937744,0.05277162045240402,0.05414517875760794,-1.9915514290332794,3.9996925830841064,1.5698921829462051,0.9294186496734619,0.33033990673720837,4.003019218444824,1.5680862814188004,4.004615993499756,1.5667767375707626,0.17104614704847335,0.15319807641208172,0.17265820503234863,0.15578295849263668,1.0768621635437012,0.7813264057040215,1.055603551864624,0.7888053581118584,0.0678923887014389,0.08817262575030327,-4.166666666666667,-4.166666666666667
20260520_152946_479742,0,2026_05_13_DesignCycle0_ep40,48,0.05182227171957493,0.0523903127014637,-4.3311130142211915,0.04213487170636654,0.0423556340392679,-1.9705744087696075,4.01899094581604,1.5928947180509567,0.9298544335365295,0.34472527727484703,4.013752012252808,1.5838888138532639,4.011785249710083,1.5822518914937973,0.15547447502613068,0.14593784883618355,0.1565265902876854,0.14669016748666763,0.6393307828903199,0.5905279964208603,0.6353862810134888,0.5814756900072098,0.06645621120929718,0.08755681198090315,-4.0,-4.0
20260520_152946_479742,0,2026_05_13_DesignCycle0_ep40,49,0.04338302381336689,0.04550757307559252,-4.397684764862061,0.04541391506791115,0.04740938637405634,-1.97637639939785,4.102978639602661,1.612282931804657,0.9167374277114868,0.33395107090473175,4.0996113204956055,1.59074467420578,4.102942085266113,1.5897758603096008,0.1359558519721031,0.1372578889131546,0.1418148857355118,0.14227238483726978,0.5706831884384155,0.7568790838122368,0.592405686378479,0.7593359649181366,0.06507453948259354,0.08695497084408998,-3.833333333333333,-3.8333333333333335
20260520_152946_479742,0,2026_05_13_DesignCycle0_ep40,50,0.1744920750707388,0.1791349720209837,-4.42821382522583,0.04750998388044536,0.04696259484626353,-2.0174253582954407,4.1325921535491945,1.624179407954216,0.9766492128372193,0.3338421992957592,4.123092813491821,1.6343222111463547,4.122914838790893,1.6364815682172775,0.20825125724077226,0.1418957244604826,0.21377742111682893,0.1435495000332594,1.3815103197097778,0.738661102950573,1.3873624777793885,0.7312902584671974,0.06372679203748703,0.08636495377868414,-3.666666666666667,-3.666666666666667
20260520_152946_479742,0,2026_05_13_DesignCycle0_ep40,51,0.11192792065441609,0.11059411272406577,-4.467345581054688,0.0528845046646893,0.05191867146641016,-2.0658136308193207,4.182062425613403,1.69401715695858,0.9448235607147217,0.3765620533376932,4.186393127441407,1.6806000024080276,4.185705394744873,1.6781173348426819,0.18217170715332032,0.1447544740512967,0.18023077219724656,0.1411785241216421,0.9114403915405274,0.8455900847911835,0.9149029636383057,0.8190099149942398,0.06243811309337616,0.08578292094171047,-3.5,-3.5
20260520_152946_479742,0,2026_05_13_DesignCycle0_ep40,52,0.10446937292814255,0.0988907578587532,-4.510930862426758,0.02873257442843169,0.027648925315588713,-2.0839122980833054,4.2445806121826175,1.702411264181137,0.9316721701622009,0.3302220441401005,4.236359004974365,1.6967784315347672,4.237311954498291,1.6969705522060394,0.20434276401996612,0.12330417521297932,0.1948660296201706,0.12198541220277548,0.9825213718414306,0.4743187427520752,0.9391540050506592,0.4507560133934021,0.06117711439728737,0.08521167375147343,-3.333333333333333,-3.3333333333333335
20260520_152946_479742,0,2026_05_13_DesignCycle0_ep40,53,0.06846682395786047,0.06711557250469923,-4.545956611633301,0.030120126204565167,0.029813207453116775,-2.106311082839966,4.286038646697998,1.7158094495534897,0.9508983874320984,0.3341454789042473,4.281246519088745,1.7187444567680359,4.280568771362304,1.7203598022460938,0.14225815027952193,0.13171432446688414,0.14139859348535538,0.13361046370118856,0.6893682384490967,0.4662458300590515,0.6923573637008666,0.451352134346962,0.05994746938347816,0.08465216029435396,-3.166666666666667,-3.1666666666666665
20260520_152946_479742,0,2026_05_13_DesignCycle0_ep40,54,0.2180051787942648,0.22312511347234248,-4.559034919738769,0.04331018961966038,0.044749492313712835,-2.1151194274425507,4.289063482284546,1.734050452709198,0.971093909740448,0.3335605673491955,4.294539632797242,1.7240880578756332,4.295406732559204,1.7251187562942505,0.21521384567022322,0.12856571469455957,0.2222098156809807,0.1336973337456584,1.4477306842803954,0.6247918978333473,1.4519910860061644,0.6449654474854469,0.058752921372652055,0.084105359390378,-3.0,-3.0
20260520_152946_479742,0,2026_05_13_DesignCycle0_ep40,55,0.09844895347952842,0.10187750428915024,-4.560563297271728,0.05568777839653194,0.05495865433476865,-2.172935336828232,4.316742544174194,1.7682443261146545,0.9505658149719238,0.41456060856580734,4.302272081375122,1.7969855815172195,4.301265802383423,1.7942100018262863,0.1816919383406639,0.1349363410845399,0.19533783972263336,0.13757308293133974,0.9613544845581055,0.855648010969162,0.9509228706359864,0.8532101660966873,0.05761691063642502,0.0835714191198349,-2.833333333333333,-2.833333333333333
20260520_152946_479742,0,2026_05_13_DesignCycle0_ep40,56,0.15346520952880383,0.1517572320997715,-4.646158809661865,0.04870141902938485,0.05081923073157668,-2.1598760187625885,4.403738536834717,1.791490614414215,0.9626498055458069,0.34084995463490486,4.395056877136231,1.785018265247345,4.392132549285889,1.785643994808197,0.2069518396258354,0.13529735803604126,0.20933755457401276,0.1398871187120676,1.1502223634719848,0.6989765018224716,1.1534198379516603,0.728407010436058,0.05653153151273727,0.08305020071566105,-2.666666666666666,-2.666666666666666
20260520_152946_479742,0,2026_05_13_DesignCycle0_ep40,57,0.08560736823827028,0.09068198680877686,-4.655625343322754,0.06343046471010894,0.06523499730974436,-2.1584281623363495,4.4134674072265625,1.7978393882513046,0.9458269381523132,0.3657879177480936,4.422985458374024,1.7947382032871246,4.424364547729493,1.7923645824193954,0.15086105823516846,0.14260266069322824,0.16047414660453796,0.14685238897800446,0.7847473049163818,0.9649455845355988,0.8171032810211182,0.9739081263542175,0.05546412289142608,0.08253705129027367,-2.5,-2.5
20260520_152946_479742,0,2026_05_13_DesignCycle0_ep40,58,0.08797131150960923,0.09245991051197051,-4.709254322052002,0.03209811542183161,0.03156693326309323,-2.241853356361389,4.479771766662598,1.8729706555604935,0.948461811542511,0.34010232612490654,4.464579887390137,1.8612617552280426,4.463770971298218,1.8610282242298126,0.1766413077712059,0.13292024563997984,0.1809025514125824,0.1351167168468237,0.8961699199676514,0.4860227182507515,0.9172268676757812,0.4703563526272774,0.05442245051264763,0.08203239366412163,-2.333333333333333,-2.333333333333333
20260520_152946_479742,0,2026_05_13_DesignCycle0_ep40,59,0.08486560717225075,0.08426950044929982,-4.692162799835205,0.037788412533700466,0.03815211053006351,-2.207516133785248,4.471262817382812,1.8344009965658188,0.9431297659873963,0.343553613871336,4.466742420196534,1.8289383798837662,4.465084133148193,1.8283660262823105,0.14739515393972397,0.13234935887157917,0.15324941545724868,0.1341377180069685,0.8669075393676757,0.571567565202713,0.843533124923706,0.5895602405071259,0.053423289060592655,0.08153792656958103,-2.166666666666667,-2.166666666666667
