Run_ID,Run_Start_Episode,Resume_Checkpoint,Episode,Ind_Q1_Loss,Ind_Q2_Loss,Ind_Policy_Loss,Pop_Q1_Loss,Pop_Q2_Loss,Pop_Policy_Loss,Ind_Q_Target_Mean,Pop_Q_Target_Mean,Ind_Q_Target_Std,Pop_Q_Target_Std,Ind_Q1_Prediction_Mean,Pop_Q1_Prediction_Mean,Ind_Q2_Prediction_Mean,Pop_Q2_Prediction_Mean,Ind_Q1_TD_Abs_Mean,Pop_Q1_TD_Abs_Mean,Ind_Q2_TD_Abs_Mean,Pop_Q2_TD_Abs_Mean,Ind_Q1_TD_Abs_Max,Pop_Q1_TD_Abs_Max,Ind_Q2_TD_Abs_Max,Pop_Q2_TD_Abs_Max,Ind_Alpha,Pop_Alpha,Ind_Target_Entropy,Pop_Target_Entropy
20260518_163001_026677,0.0,,1.0,0.7861306504769758,0.7758128317919645,-0.537850718606602,0.7262152880430222,0.7208771370351315,-0.511103667318821,0.40910105407238,0.3355083595961332,0.8051678321578286,0.7855106964707375,0.0673403566840782,0.0335756602507899,0.0837368721682155,0.0424477624183055,0.7750038775530729,0.7325787022709846,0.7716328447515314,0.7314787730574608,1.4571371511979536,1.48611319065094,1.4383352453058416,1.4739764779806137,0.0994021824815056,0.0995512958616018,-6.833333333333332,-6.833333333333333
20260518_163001_026677,0.0,,2.0,0.5435867975739872,0.556753991281285,-1.043895472498501,0.5353575721383095,0.5336790308356285,-0.7810250222682953,0.317979390568593,0.2370409006252885,0.8426235703861013,0.7870189622044563,0.4776554984204909,0.302066083997488,0.5018664142664742,0.3254204913973808,0.6565295037101296,0.6607253104448318,0.6642480878268971,0.662458561360836,1.2173083038891064,1.1626988798379898,1.2137398579541374,1.1410312876105309,0.0980262453941737,0.0987592274323105,-6.666666666666667,-6.666666666666667
20260518_163001_026677,0.0,,3.0,0.6663803837516091,0.6764176785945892,-0.4445713981986046,0.5199810713529587,0.522867988795042,-0.8558830097317696,0.2397882582789117,0.2858358845114708,0.7400080019777472,0.7590716853737831,0.0046737166121602,0.4021451584994793,0.0579146730438382,0.4162140265107155,0.6689405251633037,0.6237249597907066,0.6905914192849939,0.6244752034544945,1.5961686914617366,1.351604238152504,1.5495386990633877,1.3505613952875135,0.0962410772388631,0.0979800270870328,-6.5,-6.5
20260518_163001_026677,0.0,,4.0,0.3968791764974594,0.6477964031696319,-0.4697683227062225,0.496774610131979,0.5214900150895119,-0.7687834873795509,0.3677244439721107,0.3769767563790083,0.744509801864624,0.7888585552573204,0.3833455845713615,0.3245293144136667,0.043602732992731,0.2729951199144125,0.5385677206516266,0.618845246732235,0.6825142586231232,0.6316192671656609,1.2621278381347656,1.3876255750656128,1.4185071420669555,1.3699761778116226,0.0940218466520309,0.0972277633845806,-6.333333333333334,-6.333333333333333
20260518_163001_026677,0.0,,5.0,0.3434998083114624,0.4399401694536209,-0.8175896739959717,0.5030540376901627,0.5476944595575333,-1.0810144320130348,0.2528073135018349,0.1694714373443275,0.7535172009468079,0.7659245580434799,0.2072768880426883,0.4763012006878853,0.1939404756575823,0.5177052207291126,0.4732250440120697,0.5947420671582222,0.5547275817394257,0.6176332235336304,1.2906155252456666,1.4246872812509537,1.3544635605812072,1.4747074395418167,0.0917262041568756,0.096494291909039,-6.166666666666666,-6.166666666666667
20260518_163001_026677,0.0,,6.0,0.3179502004384995,0.3413251101970672,-0.9894569110870362,0.5115601234138012,0.5210130363702774,-0.529267393052578,0.3371558776497841,0.3052819520235061,0.7388534784317017,0.7277307361364365,0.3334434452652931,0.054487460583914,0.3449468052387237,0.0857601501047611,0.4586091768741607,0.5919806882739067,0.479954286813736,0.6034077554941177,1.2025399160385133,1.543840005993843,1.2013542461395263,1.4972868114709854,0.0897211593389511,0.0958088068291544,-6.0,-6.0
20260518_164528_189793,0.0,,1.0,0.8395518606359308,0.8267504518682306,-0.546889911998402,0.7977551445364952,0.7902873232960701,-0.5135205909609795,0.47238255766305054,0.42734768614172935,0.8097894245927985,0.7977746725082397,0.07649989172403532,0.03609545076324139,0.09467832227396271,0.045090051306033274,0.8100461201234297,0.7733326852321625,0.805231284011494,0.7715198695659637,1.447323506528681,1.4834347665309906,1.4285816604440862,1.4714018255472183,0.09940219196406277,0.09955129865556955,-6.833333333333332,-6.833333333333333
20260518_164528_189793,0.0,,2.0,0.5467622472959406,0.5530588013284347,-1.0104019711999332,0.5787656158208847,0.5729595497250557,-0.8271621987223625,0.3692687662208782,0.2828194061294198,0.8290234804153442,0.8028597235679626,0.48893516729859743,0.3491955101490021,0.5058814234593335,0.3758140876889229,0.6631903262699351,0.6976510062813759,0.6654820897999931,0.6953723952174187,1.1752352118492126,1.1738374382257462,1.17814320676467,1.161890134215355,0.09802475089535993,0.09875933919101954,-6.666666666666667,-6.666666666666667
20260518_164528_189793,0.0,,3.0,0.7428621432997964,0.7238229607993906,-0.5677490722049366,0.5913601890206337,0.5926225371658802,-0.8996361121535301,0.26125378026203677,0.33994768373668194,0.7584640871394764,0.7924389019608498,0.09915015059099956,0.4581204652786255,0.13976013368334284,0.4678539037704468,0.720908370884982,0.6858222261071205,0.7175965688445352,0.6869085431098938,1.61821495402943,1.3913667052984238,1.5802784670482983,1.3969982117414474,0.0962272235615687,0.09797908458858728,-6.5,-6.5
20260518_164528_189793,0.0,,4.0,0.5410458099842071,0.5902343761920928,-0.7055098259449005,0.5947369337081909,0.6153956949710846,-0.6679259836673737,0.4365943831205368,0.43641312047839165,0.7708389616012573,0.7994973286986351,0.3478145308792591,0.23678619973361492,0.27710815869271754,0.2141214106231928,0.6296409392356872,0.6825278550386429,0.6573765707015992,0.6938882321119308,1.3798311972618102,1.3278408646583557,1.4124273872375488,1.3493704199790955,0.09401846200227737,0.09722036775201559,-6.333333333333334,-6.333333333333333
20260518_164528_189793,0.0,,5.0,0.39671617686748506,0.4174672728776932,-1.0083499789237975,0.5458763353526592,0.5637409910559654,-1.1408379077911377,0.3521242323517799,0.34790377295576036,0.7675094389915467,0.7617130875587463,0.3813189476728439,0.6444250345230103,0.3917643429711461,0.626215111464262,0.528864061832428,0.6123867705464363,0.5449417662620545,0.6210974231362343,1.3405890130996705,1.5618693083524704,1.3754311442375182,1.5740587413311005,0.0917737203836441,0.09646958019584417,-6.166666666666666,-6.166666666666667
20260518_164528_189793,0.0,,6.0,0.3611840206384659,0.3724289429187775,-1.0516670107841493,0.5012076385319233,0.5009459145367146,-0.6012229844927788,0.3999211931228638,0.30166653729975224,0.737987813949585,0.7173189073801041,0.36825836896896363,0.19218804221600294,0.3680631920695305,0.20095807407051325,0.4854841816425324,0.5918589010834694,0.49316040515899656,0.5921622440218925,1.3344222354888915,1.4389520734548569,1.3413585567474364,1.438117042183876,0.08980130970478058,0.09576544165611267,-6.0,-6.0
20260518_164528_189793,0.0,,7.0,0.3220292192697525,0.32739863216876985,-1.0516064429283143,0.4767485707998276,0.48173555731773376,-0.6145409271121025,0.49998032331466674,0.45299834571778774,0.705947470664978,0.6914827525615692,0.4498863482475281,0.211476294323802,0.4411437010765076,0.20442896708846092,0.45835026025772097,0.5874771438539028,0.4620745515823364,0.5906087979674339,1.2491210389137268,1.3139677494764328,1.2629714250564574,1.3134184181690216,0.08787288546562194,0.0950775584205985,-5.833333333333334,-5.833333333333333
20260518_164528_189793,0.0,,8.0,0.2795695102214813,0.2795715510845184,-1.1865680813789368,0.33793526887893677,0.3439287096261978,-0.9336288869380951,0.6127089035511016,0.4229268915951252,0.6709365344047546,0.6540840342640877,0.5945955920219421,0.5529565140604973,0.5967392897605897,0.5470765233039856,0.427129682302475,0.48881320655345917,0.42722134113311766,0.4959138222038746,1.189392056465149,1.3115464746952057,1.197179036140442,1.290881022810936,0.08592198342084885,0.094356968998909,-5.666666666666666,-5.666666666666667
20260518_164528_189793,0.0,,9.0,0.23490434408187866,0.23547050714492798,-1.264050717353821,0.3505886346101761,0.36283464916050434,-0.9089008942246437,0.6997564601898193,0.47804007306694984,0.6562584257125854,0.628532275557518,0.6812168002128601,0.48333678394556046,0.6782329893112182,0.49106403812766075,0.3940840971469879,0.4936504624783993,0.3932361054420471,0.5045744925737381,1.1305576539039612,1.2159703150391579,1.1370609164237977,1.239511325955391,0.08394836127758026,0.09363076835870743,-5.5,-5.5
20260518_164528_189793,0.0,,10.0,0.20808768033981323,0.2050751891732216,-1.3728653478622437,0.40061019733548164,0.42043381184339523,-0.7490897476673126,0.7426722931861878,0.33457168005406857,0.6398894810676574,0.7078988328576088,0.7318678641319275,0.2995750308036804,0.7312704396247863,0.30523034557700157,0.3609027588367462,0.5313810110092163,0.35914079189300535,0.5483081862330437,1.093850302696228,1.2140347212553024,1.0796739506721496,1.2176647633314133,0.0820164430141449,0.09294612146914005,-5.333333333333334,-5.333333333333334
20260518_164528_189793,0.0,,11.0,0.20320526868104935,0.20616189032793045,-1.4657677936553954,0.29982114769518375,0.31408754363656044,-0.9118138700723648,0.8149879121780396,0.4626742862164974,0.6283548641204834,0.618386909365654,0.8019166040420532,0.449576023966074,0.8025468254089355,0.4364467039704323,0.35504851102828977,0.4501328691840172,0.3590152454376221,0.4649026244878769,1.042862401008606,1.205715261399746,1.0397331404685974,1.1955882459878922,0.08020263195037841,0.09229926113039255,-5.166666666666666,-5.166666666666667
20260518_164528_189793,0.0,,12.0,0.16516851961612702,0.1666509136557579,-1.5487141132354736,0.26784646697342396,0.2843617480248213,-1.025075264275074,0.9162659502029419,0.4151099920272827,0.5870770144462586,0.620025597512722,0.9013630056381225,0.48386289924383163,0.9026469492912292,0.510807853192091,0.32098190903663637,0.41491224244236946,0.32195071518421176,0.43566785752773285,0.9955493831634521,1.1789374649524689,1.006963541507721,1.1839523315429688,0.07850427061319351,0.09164674207568169,-5.0,-5.0
20260518_164528_189793,0.0,,13.0,0.17036778181791307,0.1699192875623703,-1.5942166757583618,0.23936374858021736,0.24421252124011517,-0.8676690831780434,1.0440891766548157,0.42690877616405487,0.5844803094863892,0.5986444689333439,1.0349733710289002,0.3541058897972107,1.030723226070404,0.3689452186226845,0.32935548067092896,0.3786768801510334,0.331296900510788,0.3842366300523281,0.977488260269165,1.1619021221995354,0.9512553453445435,1.167101301252842,0.07686097800731659,0.09102086070924997,-4.833333333333333,-4.833333333333333
20260518_164528_189793,0.0,,14.0,0.1550608053803444,0.15523618549108506,-1.6382610940933227,0.20863023586571217,0.20862395595759153,-0.9658001735806465,1.1442497324943544,0.4762885980308056,0.5548012387752533,0.5801807753741741,1.1307414412498473,0.4968559630215168,1.1262808084487914,0.4847387708723545,0.3029981130361557,0.3601832874119282,0.30513244688510893,0.3613375872373581,0.9967189717292786,1.0328241735696793,0.9898346090316772,1.0267698839306831,0.07522934406995774,0.09041253104805946,-4.666666666666666,-4.666666666666666
20260518_164528_189793,0.0,,15.0,0.13878721982240677,0.13906903713941574,-1.6936513662338257,0.1980296354740858,0.2053050845861435,-1.001119315624237,1.2314481401443482,0.4844523295760155,0.553124213218689,0.5365049615502357,1.2247650003433228,0.45759715139865875,1.2275399255752564,0.4678235612809658,0.2927333039045334,0.34373345226049423,0.29216774344444274,0.3504336550831795,0.956098804473877,1.199227511882782,0.9531743335723877,1.1982370987534523,0.07359207779169083,0.08979986980557442,-4.5,-4.5
20260518_164528_189793,0.0,,16.0,0.1374298772215843,0.13762438893318177,-1.7810437059402466,0.1844642460346222,0.19078264944255352,-1.0474833995103836,1.3169263744354247,0.5243634767830372,0.5254374325275422,0.5769307240843773,1.3080664491653442,0.525402057915926,1.3060685110092163,0.5083534345030785,0.2878810977935791,0.3222782649099827,0.288750451207161,0.32868408411741257,0.9296768450737,1.1239606365561485,0.9333265566825867,1.136071190237999,0.07202458173036576,0.08920278213918209,-4.333333333333334,-4.333333333333334
20260518_164528_189793,0.0,,17.0,0.1587514638900757,0.1545427218079567,-1.837001190185547,0.19155591912567616,0.1942250905558467,-1.0051981061697006,1.4334382820129394,0.5132934562861919,0.542758413553238,0.5486179329454899,1.434250602722168,0.5165774300694466,1.4330308532714844,0.5337701141834259,0.3087498450279236,0.33469419926404953,0.30284990191459654,0.33343975991010666,0.9874241399765015,1.1667238846421242,0.9905435824394226,1.2071451395750046,0.07048803269863128,0.08861683867871761,-4.166666666666667,-4.166666666666667
20260518_164528_189793,0.0,,18.0,0.16620363891124726,0.16594130635261536,-1.8489585256576537,0.21356957405805588,0.22046232037246227,-0.8860595151782036,1.4629977130889893,0.455486785620451,0.5450851726531982,0.5335335247218609,1.4424132299423218,0.42294683679938316,1.442730188369751,0.406948022544384,0.3111120629310608,0.3561072237789631,0.31050161719322206,0.3593221418559551,1.0597992897033692,1.204545482993126,1.0670582938194275,1.2021440118551254,0.06900128990411758,0.08805376570671797,-4.0,-4.0
20260518_164528_189793,0.0,,19.0,0.14888947397470476,0.14737754434347153,-1.9480017471313475,0.217483414337039,0.21985501609742641,-1.0104037299752235,1.5549386024475098,0.5703663155436516,0.5183322429656982,0.5348950363695621,1.540152440071106,0.5871481709182262,1.5412912845611573,0.5802679881453514,0.28974685847759246,0.3627546764910221,0.2902947998046875,0.3651781380176544,0.995437605381012,1.1265430748462677,0.9718902420997619,1.1376607045531273,0.06757381588220596,0.08750743232667446,-3.833333333333333,-3.8333333333333335
