Run_ID,Episode,Ind_Q1_Loss,Ind_Q2_Loss,Ind_Policy_Loss,Pop_Q1_Loss,Pop_Q2_Loss,Pop_Policy_Loss
20260416_161832_958627,1,0.9705279639789036,0.9709945917129515,-0.4980874785355159,0,0,0
20260416_161832_958627,2,0.5443326979875565,0.5487273588776589,-1.0817934036254884,0,0,0
20260416_161832_958627,3,0.3866347200595416,0.3928886875510216,-1.3403826860281138,0,0,0
20260416_161832_958627,4,0.3180527405606376,0.3229177569349606,-1.2484658426708646,0,0,0
20260416_161832_958627,5,0.3084405343169751,0.307029522307541,-1.3076749469922937,0,0,0
20260416_161832_958627,6,0.3128750042782889,0.3118495287166701,-1.2387626391870004,0,0,0
20260416_161832_958627,7,0.25467042000063,0.2544524575914106,-1.4015169335949806,0,0,0
20260416_161832_958627,8,0.2749384790658951,0.2907351303017801,-1.1717036780383852,0,0,0
20260416_161832_958627,9,0.1923033451395375,0.1949736307419481,-1.4163736729394822,0,0,0
20260416_161832_958627,10,0.1382970239253754,0.1415412744626085,-1.6419891651640548,0,0,0
20260416_161832_958627,11,0.1186656679184931,0.1202413874133577,-1.887825462053407,0,0,0
20260416_161832_958627,12,0.1086697561730598,0.109814295416762,-2.148404779105351,0,0,0
20260416_161832_958627,13,0.0914763344335369,0.0913433093228377,-2.426790025085211,0,0,0
20260416_161832_958627,14,0.1085716387715892,0.1043842515867689,-2.670405895813652,0,0,0
20260416_170321_998771,14,0.2774059115846952,0.2809579329689344,-0.9954762025674184,0,0,0
20260416_170321_998771,15,0.149938294198364,0.1562879445031285,-1.1968347936868668,0,0,0
20260416_170321_998771,16,0.0999854195205604,0.1028162912849117,-1.3771641661139096,0,0,0
20260416_172600_133022,16,0.246768739934151,0.2479849305454191,-0.9550284933257888,0,0,0
20260416_173027_990798,17,0.2864981265738606,0.2893520037954052,-0.9641048678507408,0,0,0
20260416_173329_900857,18,0.2645652587711811,0.26730211347341537,-0.9583804297447205,0,0,0
20260416_173329_900857,19,0.19840806171298028,0.20229392282664777,-1.184245525598526,0,0,0
20260416_173329_900857,20,0.15662831928581,0.16015799187123775,-1.5699775779247285,0,0,0
20260416_173329_900857,21,0.14200431503355504,0.1419801063835621,-1.944070613384247,0,0,0
20260416_173329_900857,22,0.132234640493989,0.13124772608280183,-2.324825036525726,0,0,0
20260416_173329_900857,23,0.14855566069483758,0.14960328578948975,-2.6956022286415102,0,0,0
20260416_173329_900857,24,0.17008304994553328,0.16890900809317827,-2.829035172462463,0,0,0
20260416_173329_900857,25,0.1551985352486372,0.1534446407109499,-3.132420909404755,0,0,0
20260416_173329_900857,26,0.16337933957576753,0.16187078174203634,-3.4692696809768675,0,0,0
20260416_173329_900857,27,0.20058781743049622,0.19482115607708692,-3.656056480407715,0,0,0
20260416_173329_900857,28,0.21684960708022116,0.21483329452574254,-3.8812904238700865,0,0,0
20260416_173329_900857,29,0.2348499496281147,0.22829654090106488,-4.098031828403473,0,0,0
20260416_173329_900857,30,0.2458908822387457,0.24399102732539177,-4.350903718471527,0,0,0
20260416_173329_900857,31,0.27725830249488354,0.2740909367054701,-4.602647314071655,0,0,0
